Model:	LI-7810
SN:	TG10-01449
Software Version:	2.3.3
Timestamp:	2022-12-05 08:00:00
Timezone:	Europe/Copenhagen
DATAH	SECONDS	NANOSECONDS	NDX	DIAG	REMARK	DATE	TIME	H2O	CO2	CH4	CAVITY_P	CAVITY_T	LASER_PHASE_P	LASER_T	RESIDUAL	RING_DOWN_TIME	THERMAL_ENCLOSURE_T	PHASE_ERROR	LASER_T_SHIFT	INPUT_VOLTAGE	CHK
DATAU	secs	nsecs	index	diag		date	time	ppm	ppm	ppb	kPa	°C	kPa	°C		µsecs	°C	counts	°C	V	CHK
DATA	1670229510	836930990	10317	0	""	2022-12-05	09:38:30	6233.8008	459.38455	2067.6235	39.7446	55.0003	27.9514	37.0427	0.00121994	11.8607	54.5005	84.25	-0.346409	14.9002	167
DATA	1670229511	836628913	10321	0	""	2022-12-05	09:38:31	6234.584	459.646	2067.408	39.7442	55.0003	27.953	37.0431	0.00121856	11.8604	54.5005	-109.75	-0.346409	14.901	198
DATA	1670229512	836628913	10325	0	""	2022-12-05	09:38:32	6235.7642	459.41864	2067.3584	39.7446	55.0003	27.951	37.0429	0.00122946	11.8606	54.5005	21	-0.346409	14.8994	240
DATA	1670229513	836628913	10329	0	""	2022-12-05	09:38:33	6237.6802	460.14243	2066.9099	39.745	55.0003	27.9493	37.0429	0.00121911	11.8602	54.5005	-31	-0.346409	14.899	220
DATA	1670229514	836628913	10333	0	""	2022-12-05	09:38:34	6238.6675	461.78696	2066.2427	39.7442	55.0003	27.9469	37.0427	0.00122372	11.8609	54.5009	-54.75	-0.346409	14.8994	255
DATA	1670229515	836628913	10337	0	""	2022-12-05	09:38:35	6241.2241	461.34152	2065.6299	39.745	55.0003	27.9473	37.0429	0.00122483	11.8608	54.5007	-37	-0.346409	14.899	228
DATA	1670229516	836628913	10341	0	""	2022-12-05	09:38:36	6243.6572	462.07498	2065.5588	39.7442	55.0003	27.9461	37.0429	0.00122812	11.8603	54.5013	104	-0.346409	14.8998	 84
DATA	1670229517	836628913	10345	0	""	2022-12-05	09:38:37	6245.9224	461.6994	2066.1182	39.7455	55.0003	27.9493	37.0427	0.00122711	11.8602	54.5013	-35	-0.346409	14.901	215
DATA	1670229518	836628913	10349	0	""	2022-12-05	09:38:38	6249.3838	459.71017	2066.51	39.745	55.0003	27.9469	37.0431	0.00121884	11.8605	54.5011	4	-0.346409	14.901	 30
DATA	1670229519	836337089	10353	0	""	2022-12-05	09:38:39	6252.5801	460.29877	2066.5974	39.745	55.0003	27.9473	37.0427	0.00122533	11.8608	54.5007	80.75	-0.346409	14.901	 88
DATA	1670229520	836337089	10357	0	""	2022-12-05	09:38:40	6256.1831	459.43518	2066.6956	39.7455	55.0003	27.9498	37.0429	0.00121861	11.8601	54.5005	183	-0.346409	14.8998	102
DATA	1670229521	836337089	10361	0	""	2022-12-05	09:38:41	6258.771	460.70499	2066.988	39.7455	55.0003	27.9518	37.0427	0.00123208	11.8607	54.5005	-44.75	-0.346409	14.8974	141
DATA	1670229522	836337089	10365	0	""	2022-12-05	09:38:42	6261.1187	462.15033	2066.3313	39.7446	55.0003	27.9522	37.0427	0.00123276	11.8604	54.5005	-33.25	-0.346409	14.8971	196
DATA	1670229523	836337089	10369	0	""	2022-12-05	09:38:43	6264.2271	461.2691	2065.7942	39.7446	55.0003	27.9526	37.0427	0.00122188	11.8604	54.5005	-36.75	-0.346409	14.8974	184
DATA	1670229524	836337089	10373	0	""	2022-12-05	09:38:44	6266.0996	460.14963	2066.5024	39.7459	55.0003	27.9526	37.0427	0.0012268	11.8608	54.5005	6.75	-0.346409	14.8967	100
DATA	1670229525	836337089	10377	0	""	2022-12-05	09:38:45	6269.8916	459.89044	2066.7725	39.7459	55.0003	27.9551	37.0429	0.00122308	11.8605	54.5005	92	-0.346409	14.8982	 67
DATA	1670229526	836040973	10381	0	""	2022-12-05	09:38:46	6271.7607	460.7821	2066.1926	39.745	55.0003	27.9538	37.0429	0.00123371	11.8606	54.5005	-76.5	-0.346409	14.8978	 81
DATA	1670229527	836040973	10385	0	""	2022-12-05	09:38:47	6273.0649	460.86261	2065.812	39.7459	55.0003	27.9526	37.0427	0.00122828	11.8605	54.5005	51	-0.346409	14.8982	242
DATA	1670229528	836040973	10389	0	""	2022-12-05	09:38:48	6276.4307	461.19305	2065.9211	39.7459	55.0003	27.9547	37.0427	0.00123118	11.8604	54.5005	18	-0.346409	14.8986	 38
DATA	1670229529	836040973	10393	0	""	2022-12-05	09:38:49	6277.5229	461.21008	2065.9258	39.7455	55.0003	27.9538	37.0427	0.00123326	11.8599	54.5005	106.25	-0.346409	14.8982	245
DATA	1670229530	836040973	10397	0	""	2022-12-05	09:38:50	6279.4985	460.39334	2065.8618	39.745	55.0003	27.9551	37.0427	0.00122503	11.8604	54.5005	49	-0.346409	14.8967	245
DATA	1670229531	836040973	10401	0	""	2022-12-05	09:38:51	6281.8613	461.08356	2065.5906	39.7442	55.0003	27.9547	37.0427	0.00122783	11.8604	54.5005	-70.5	-0.346409	14.8971	157
DATA	1670229532	836040973	10405	0	""	2022-12-05	09:38:52	6283.7676	461.30515	2065.729	39.7459	55.0003	27.9534	37.0427	0.00123046	11.8602	54.5005	45	-0.346409	14.8963	225
DATA	1670229533	836040973	10409	0	""	2022-12-05	09:38:53	6286.3848	461.84854	2065.7747	39.745	55.0003	27.9559	37.0427	0.00123322	11.8602	54.5005	-48.5	-0.346409	14.8971	138
DATA	1670229534	835741043	10413	0	""	2022-12-05	09:38:54	6286.6401	459.88837	2065.6772	39.7446	55.0003	27.9551	37.0427	0.00122048	11.8595	54.5005	-24.25	-0.346409	14.8971	231
DATA	1670229535	835741043	10417	0	""	2022-12-05	09:38:55	6288.7222	461.7106	2065.3625	39.745	55.0003	27.9551	37.0429	0.00122635	11.86	54.5005	33.25	-0.346409	14.8971	213
DATA	1670229536	835741043	10421	0	""	2022-12-05	09:38:56	6289.4463	461.84827	2065.0247	39.7459	55.0003	27.9534	37.0423	0.00122907	11.8603	54.5005	56	-0.346409	14.8963	 29
DATA	1670229537	835741043	10425	0	""	2022-12-05	09:38:57	6289.8379	461.51175	2064.8674	39.745	55.0003	27.9547	37.0425	0.00122241	11.8604	54.5005	-34	-0.346409	14.8963	 28
DATA	1670229538	835741043	10429	0	""	2022-12-05	09:38:58	6291.6694	462.60699	2064.8362	39.745	55.0003	27.9555	37.0427	0.00122991	11.8602	54.5005	29.25	-0.346409	14.8959	155
DATA	1670229539	835741043	10433	0	""	2022-12-05	09:38:59	6292.4531	461.5712	2063.843	39.7459	55.0003	27.9567	37.0427	0.00122627	11.8601	54.5005	55.5	-0.346409	14.8959	 28
DATA	1670229540	835741043	10437	0	""	2022-12-05	09:39:00	6292.9336	461.65695	2064.2695	39.7459	55.0003	27.9534	37.0427	0.00122518	11.8602	54.5005	-87.5	-0.346409	14.8959	183
DATA	1670229541	835450887	10441	0	""	2022-12-05	09:39:01	6294.6284	460.91858	2065.2109	39.745	55.0003	27.953	37.0427	0.00122858	11.8608	54.5005	65.5	-0.346409	14.8943	 32
DATA	1670229542	835450887	10445	0	""	2022-12-05	09:39:02	6296.1567	461.81757	2065.501	39.7459	55.0003	27.9538	37.0427	0.00123698	11.8602	54.5005	-32.5	-0.346409	14.8951	131
DATA	1670229543	835450887	10449	0	""	2022-12-05	09:39:03	6298.0967	460.88803	2065.3867	39.7463	55.0003	27.9526	37.0427	0.00122982	11.8607	54.5005	3	-0.346409	14.8971	  6
DATA	1670229544	835450887	10453	0	""	2022-12-05	09:39:04	6298.8257	461.66125	2064.7236	39.7455	55.0003	27.9526	37.0429	0.00123173	11.86	54.5005	61.25	-0.346409	14.8971	 84
DATA	1670229545	835450887	10457	0	""	2022-12-05	09:39:05	6302.7983	462.27951	2064.1179	39.7455	55.0003	27.9534	37.0427	0.00122869	11.8606	54.5005	-48.5	-0.346409	14.8955	198
DATA	1670229546	835450887	10461	0	""	2022-12-05	09:39:06	6303.8608	462.15732	2063.8643	39.7459	55.0003	27.9518	37.0427	0.00122187	11.8606	54.5005	115.25	-0.346409	14.8947	235
DATA	1670229547	835450887	10465	0	""	2022-12-05	09:39:07	6305.7251	463.31769	2063.6025	39.7463	55.0003	27.9542	37.0427	0.00123906	11.8604	54.5005	119.75	-0.346409	14.8939	237
DATA	1670229548	835450887	10469	0	""	2022-12-05	09:39:08	6307.9736	462.93881	2063.707	39.7459	55.0003	27.9534	37.0427	0.00123628	11.8606	54.5005	-136.75	-0.346409	14.8955	  5
DATA	1670229549	835154056	10473	0	""	2022-12-05	09:39:09	6310.8706	462.67148	2063.6777	39.7455	55.0003	27.9498	37.0427	0.00123002	11.8603	54.5005	25.75	-0.346409	14.8947	188
DATA	1670229550	835154056	10477	0	""	2022-12-05	09:39:10	6312.5254	462.9693	2063.9106	39.7455	55.0003	27.9522	37.0427	0.00122819	11.8602	54.5005	45.75	-0.346409	14.8935	116
DATA	1670229551	835154056	10481	0	""	2022-12-05	09:39:11	6314.6675	462.27151	2064.1946	39.7455	55.0003	27.9518	37.0427	0.00122814	11.8602	54.5005	-42	-0.346409	14.8939	 57
DATA	1670229552	835154056	10485	0	""	2022-12-05	09:39:12	6316.4985	461.17139	2064.7561	39.7455	55.0003	27.9506	37.0425	0.0012343	11.8598	54.5005	-6.5	-0.346409	14.8939	 77
DATA	1670229553	835154056	10489	0	""	2022-12-05	09:39:13	6320.2368	460.32428	2064.9934	39.7471	55.0003	27.951	37.0425	0.00122562	11.8607	54.5005	188	-0.346409	14.8931	 18
DATA	1670229554	835154056	10493	0	""	2022-12-05	09:39:14	6319.356	461.06229	2065.458	39.745	55.0003	27.9538	37.0427	0.00123321	11.8607	54.5005	30.5	-0.346409	14.8935	216
DATA	1670229555	835154056	10497	0	""	2022-12-05	09:39:15	6321.8584	461.38489	2065.0525	39.7459	55.0003	27.9514	37.0427	0.00122963	11.8603	54.5005	-30	-0.346409	14.8923	 75
DATA	1670229556	834856033	10501	0	""	2022-12-05	09:39:16	6322.9497	461.14227	2065.3228	39.7455	55.0003	27.9542	37.0427	0.00122783	11.8606	54.5005	49.75	-0.346409	14.892	126
DATA	1670229557	834856033	10505	0	""	2022-12-05	09:39:17	6320.8765	460.80548	2064.9443	39.7446	55.0003	27.9526	37.0427	0.00123852	11.8598	54.5005	-16	-0.346409	14.8916	 87
DATA	1670229558	834856033	10509	0	""	2022-12-05	09:39:18	6316.1494	461.42856	2064.7361	39.7467	55.0003	27.9522	37.0427	0.00122215	11.8601	54.5005	172	-0.346409	14.892	 17
DATA	1670229559	834856033	10513	0	""	2022-12-05	09:39:19	6314.5791	461.15775	2064.9878	39.7459	55.0003	27.9538	37.0427	0.0012357	11.8603	54.5005	-17.5	-0.346409	14.892	 92
DATA	1670229560	834856033	10517	0	""	2022-12-05	09:39:20	6313.7363	462.68915	2064.3867	39.7479	55.0005	27.9538	37.0427	0.00123314	11.8606	54.5004	143.75	-0.346409	14.8931	231
DATA	1670229561	834856033	10521	0	""	2022-12-05	09:39:21	6312.1509	461.51355	2064.3684	39.7475	55.0005	27.9555	37.0423	0.00122069	11.86	54.5	38	-0.346409	14.8939	 21
DATA	1670229562	834856033	10525	0	""	2022-12-05	09:39:22	6313.0195	460.65662	2064.5789	39.7467	55.0003	27.9547	37.0427	0.00122919	11.8608	54.5	-10	-0.346409	14.8935	184
DATA	1670229563	834856033	10529	0	""	2022-12-05	09:39:23	6313.4609	462.20551	2064.7573	39.7459	55.0003	27.9542	37.0427	0.00122733	11.8601	54.5004	176	-0.346409	14.892	 14
DATA	1670229564	834566116	10533	0	""	2022-12-05	09:39:24	6312.6533	461.60373	2064.6597	39.7463	55.0003	27.9547	37.0427	0.00122915	11.8601	54.5004	-16.25	-0.346409	14.8923	210
DATA	1670229565	834566116	10537	0	""	2022-12-05	09:39:25	6312.4868	461.93039	2064.9387	39.7471	55.0003	27.9555	37.0427	0.0012294	11.8604	54.5	101.5	-0.346409	14.8923	237
DATA	1670229566	834566116	10541	0	""	2022-12-05	09:39:26	6313.3975	462.63654	2065.2559	39.7463	55.0005	27.9583	37.0427	0.00122779	11.8603	54.5002	-103.75	-0.346409	14.8916	 28
DATA	1670229567	834566116	10545	0	""	2022-12-05	09:39:27	6314.0005	461.53333	2065.5657	39.7467	55.0003	27.9559	37.0427	0.00123695	11.8605	54.5002	79.75	-0.346409	14.892	137
DATA	1670229568	834566116	10549	0	""	2022-12-05	09:39:28	6314.2397	461.18088	2065.449	39.7463	55.0005	27.9555	37.0427	0.00122796	11.8609	54.5004	71.25	-0.346409	14.892	101
DATA	1670229569	834566116	10553	0	""	2022-12-05	09:39:29	6315.9414	460.97302	2065.333	39.7471	55.0005	27.9567	37.0427	0.0012322	11.8602	54.5	22	-0.346409	14.8916	 21
DATA	1670229570	834566116	10557	0	""	2022-12-05	09:39:30	6317.8345	460.9097	2065.5444	39.7463	55.0003	27.9563	37.0425	0.00122841	11.8602	54.4998	-20.25	-0.346409	14.8916	179
DATA	1670229571	834263086	10561	0	""	2022-12-05	09:39:31	6316.8628	461.50238	2064.9761	39.7455	55.0005	27.9559	37.0427	0.00123912	11.8605	54.4998	-43.75	-0.346409	14.8908	250
DATA	1670229572	834263086	10565	0	""	2022-12-05	09:39:32	6316.4316	462.31506	2064.5337	39.7463	55.0003	27.9538	37.0427	0.0012382	11.8604	54.4998	83.75	-0.346409	14.8904	137
DATA	1670229573	834263086	10569	0	""	2022-12-05	09:39:33	6312.6128	462.34647	2062.8123	39.7467	55.0003	27.9547	37.0427	0.00123038	11.8606	54.4998	25.5	-0.346409	14.8908	145
DATA	1670229574	834263086	10573	0	""	2022-12-05	09:39:34	6307.2378	462.73865	2062.5774	39.7467	55.0005	27.9592	37.0427	0.00122917	11.8601	54.4998	27.75	-0.346409	14.8912	217
DATA	1670229575	834263086	10577	0	""	2022-12-05	09:39:35	6300.8418	462.39474	2061.9966	39.7479	55.0003	27.9567	37.0427	0.00121916	11.8601	54.4998	-51	-0.346409	14.8912	110
DATA	1670229576	834263086	10581	0	""	2022-12-05	09:39:36	6294.8096	463.66782	2061.0286	39.7467	55.0005	27.9559	37.0431	0.00122283	11.8605	54.4998	-10.5	-0.346409	14.8908	206
DATA	1670229577	834263086	10585	0	""	2022-12-05	09:39:37	6288.8906	463.78458	2059.7532	39.7471	55.0003	27.9547	37.0429	0.00121959	11.8605	54.4998	-47.75	-0.346409	14.8904	 37
DATA	1670229578	834263086	10589	0	""	2022-12-05	09:39:38	6282.1558	463.66766	2059.6736	39.7467	55.0003	27.9547	37.0425	0.00122067	11.8604	54.4998	57.25	-0.346409	14.8912	234
DATA	1670229579	833966016	10593	0	""	2022-12-05	09:39:39	6275.5693	464.72723	2058.7754	39.7471	55.0003	27.9542	37.0427	0.00123165	11.8599	54.4998	-2.5	-0.346409	14.8908	177
DATA	1670229580	833966016	10597	0	""	2022-12-05	09:39:40	6272.0249	464.06973	2057.9678	39.7475	55.0005	27.9567	37.0429	0.00122361	11.8607	54.4998	16	-0.346409	14.8896	 81
DATA	1670229581	833966016	10601	0	""	2022-12-05	09:39:41	6267.4746	464.91196	2057.3887	39.7463	55.0003	27.9583	37.0429	0.00122611	11.8603	54.4998	-56.5	-0.346409	14.8904	201
DATA	1670229582	833966016	10605	0	""	2022-12-05	09:39:42	6264.1616	464.98425	2056.8232	39.7463	55.0003	27.9547	37.0429	0.001236	11.8606	54.4998	-85	-0.346409	14.8896	  6
DATA	1670229583	833966016	10609	0	""	2022-12-05	09:39:43	6262.8911	465.41687	2056.3206	39.7471	55.0003	27.9526	37.0427	0.00121797	11.8607	54.4998	69.5	-0.346409	14.8884	169
DATA	1670229584	833966016	10613	0	""	2022-12-05	09:39:44	6260.582	465.14069	2056.0056	39.7459	55.0003	27.9547	37.0427	0.00121888	11.8604	54.4998	-21	-0.346409	14.89	196
DATA	1670229585	833966016	10617	0	""	2022-12-05	09:39:45	6260.1646	465.47864	2055.5537	39.7471	55.0003	27.9538	37.0427	0.00121698	11.8607	54.4998	54	-0.346409	14.8896	 80
DATA	1670229586	833671092	10621	0	""	2022-12-05	09:39:46	6259.4731	466.16095	2054.9648	39.7459	55.0003	27.9555	37.0427	0.00122542	11.8604	54.4998	-34.75	-0.346409	14.888	212
DATA	1670229587	833671092	10625	0	""	2022-12-05	09:39:47	6259.687	465.2561	2054.5549	39.7463	55.0003	27.953	37.0431	0.00122319	11.8606	54.4998	-16	-0.346409	14.8896	212
DATA	1670229588	833671092	10629	0	""	2022-12-05	09:39:48	6260.6724	465.28687	2054.4746	39.7467	55.0005	27.9538	37.0427	0.00122136	11.8606	54.4998	-35.5	-0.346409	14.888	172
DATA	1670229589	833671092	10633	0	""	2022-12-05	09:39:49	6261.7324	464.95004	2053.9055	39.7463	55.0005	27.9534	37.0429	0.0012205	11.8609	54.4998	77.75	-0.346409	14.888	110
DATA	1670229590	833671092	10637	0	""	2022-12-05	09:39:50	6264.9551	466.33966	2053.0366	39.7463	55.0003	27.9547	37.0431	0.00122498	11.8605	54.4998	-56.75	-0.346409	14.8888	  9
DATA	1670229591	833671092	10641	0	""	2022-12-05	09:39:51	6265.3276	466.94165	2052.4419	39.7459	55.0005	27.953	37.0429	0.00123203	11.8605	54.4998	-37	-0.346409	14.888	249
DATA	1670229592	833671092	10645	0	""	2022-12-05	09:39:52	6268.0864	466.36267	2051.574	39.7467	55.0003	27.9538	37.0431	0.00122696	11.8607	54.4998	65.25	-0.346409	14.888	118
DATA	1670229593	833671092	10649	0	""	2022-12-05	09:39:53	6270.7031	466.84204	2051.3274	39.7463	55.0003	27.9522	37.0427	0.00123635	11.8605	54.4998	-53.25	-0.346409	14.888	180
DATA	1670229594	833383083	10653	0	""	2022-12-05	09:39:54	6273.728	467.58185	2050.7913	39.7467	55.0003	27.9506	37.0431	0.00122398	11.8603	54.4998	173.75	-0.346409	14.888	166
DATA	1670229595	833383083	10657	0	""	2022-12-05	09:39:55	6276.0054	468.3298	2050.2158	39.7467	55.0003	27.9514	37.0429	0.00123162	11.8603	54.4998	-14.75	-0.346409	14.8892	197
DATA	1670229596	833383083	10661	0	""	2022-12-05	09:39:56	6279.6523	468.16891	2049.7847	39.7471	55.0003	27.9514	37.0425	0.00122439	11.8604	54.4998	5	-0.346409	14.8872	 22
DATA	1670229597	833383083	10665	0	""	2022-12-05	09:39:57	6284.9067	467.22284	2049.2944	39.7463	55.0003	27.9514	37.0429	0.00122787	11.86	54.4998	19	-0.346409	14.8876	239
DATA	1670229598	833383083	10669	0	""	2022-12-05	09:39:58	6288.7476	467.77289	2048.9026	39.7475	55.0003	27.9526	37.0427	0.00122879	11.8598	54.4998	-1.25	-0.346409	14.8876	  6
DATA	1670229599	833383083	10673	0	""	2022-12-05	09:39:59	6292.6787	468.79105	2048.2932	39.7479	55.0003	27.953	37.0427	0.00123214	11.8598	54.4998	22.25	-0.346409	14.8872	184
DATA	1670229600	833383083	10677	0	""	2022-12-05	09:40:00	6297.3315	469.20499	2048.2617	39.7463	55.0003	27.9522	37.0431	0.00123571	11.8607	54.4998	-77.25	-0.346409	14.8872	230
DATA	1670229601	833080053	10681	0	""	2022-12-05	09:40:01	6302.0752	468.77637	2047.7384	39.7475	55.0003	27.953	37.0429	0.00122782	11.86	54.4998	56.75	-0.346409	14.8872	 35
DATA	1670229602	833080053	10685	0	""	2022-12-05	09:40:02	6306.7354	468.7291	2047.1075	39.7471	55.0003	27.9522	37.0429	0.00123441	11.8596	54.4998	-0.25	-0.346409	14.8869	117
DATA	1670229603	833080053	10689	0	""	2022-12-05	09:40:03	6310.7666	469.25327	2047.0547	39.7467	55.0003	27.951	37.0429	0.00123461	11.86	54.4998	50.5	-0.346409	14.8861	228
DATA	1670229604	833080053	10693	0	""	2022-12-05	09:40:04	6315.4883	469.57495	2046.3805	39.7463	55.0003	27.9542	37.0429	0.00123679	11.8601	54.4998	-66.75	-0.346409	14.8857	251
DATA	1670229605	833080053	10697	0	""	2022-12-05	09:40:05	6320.9414	469.60187	2045.9412	39.7475	55.0003	27.9518	37.0429	0.00123018	11.8601	54.4998	74.5	-0.346409	14.8857	131
DATA	1670229606	833080053	10701	0	""	2022-12-05	09:40:06	6325.0425	469.9079	2045.5601	39.7475	55.0003	27.9522	37.0427	0.0012302	11.86	54.4998	-62	-0.346409	14.8857	108
DATA	1670229607	833080053	10705	0	""	2022-12-05	09:40:07	6329.1094	469.41003	2045.1368	39.7459	55.0003	27.9518	37.0427	0.00123657	11.8604	54.4998	93.5	-0.346409	14.8861	126
DATA	1670229608	833080053	10709	0	""	2022-12-05	09:40:08	6335.1665	469.59503	2044.5804	39.7479	55.0003	27.9506	37.0427	0.00123426	11.8603	54.4998	166.5	-0.346409	14.8845	188
DATA	1670229609	832788944	10713	0	""	2022-12-05	09:40:09	6339.7554	470.43427	2043.7124	39.7475	55.0003	27.9526	37.0427	0.00124437	11.8597	54.4998	4	-0.346409	14.8853	  9
DATA	1670229610	832788944	10717	0	""	2022-12-05	09:40:10	6345.0078	471.20929	2043.2841	39.7475	55.0003	27.9522	37.0427	0.00124084	11.8601	54.4998	23.5	-0.346409	14.8857	124
DATA	1670229611	832788944	10721	0	""	2022-12-05	09:40:11	6350.667	471.48599	2042.5966	39.7463	55.0003	27.9514	37.0427	0.00124063	11.8601	54.4998	40.75	-0.346409	14.8853	141
DATA	1670229612	832788944	10725	0	""	2022-12-05	09:40:12	6355.9351	470.96277	2042.2612	39.7483	55.0003	27.9518	37.0425	0.00123883	11.8599	54.4998	-25.25	-0.346409	14.8861	250
DATA	1670229613	832788944	10729	0	""	2022-12-05	09:40:13	6359.2344	472.03265	2041.8687	39.7467	55.0003	27.9518	37.0425	0.00124535	11.8599	54.4996	73	-0.346409	14.8865	 67
DATA	1670229614	832788944	10733	0	""	2022-12-05	09:40:14	6364.606	470.88162	2040.9991	39.7471	55.0003	27.9506	37.0427	0.00123526	11.86	54.4998	-37	-0.346409	14.8857	200
DATA	1670229615	832788944	10737	0	""	2022-12-05	09:40:15	6367.8306	471.7959	2040.418	39.7467	55.0003	27.9506	37.0429	0.00124148	11.8597	54.4992	-51.25	-0.346409	14.8841	152
DATA	1670229616	832496881	10741	0	""	2022-12-05	09:40:16	6371.3496	472.26035	2040.467	39.7479	55.0005	27.9506	37.0427	0.00124013	11.8602	54.4992	152.25	-0.346409	14.8833	171
DATA	1670229617	832496881	10745	0	""	2022-12-05	09:40:17	6375.0039	471.90433	2040.3442	39.7495	55.0005	27.9534	37.0429	0.00122493	11.8601	54.4996	66	-0.346409	14.8818	 41
DATA	1670229618	832496881	10749	0	""	2022-12-05	09:40:18	6377.6523	472.85159	2039.9664	39.7487	55.0003	27.9534	37.0429	0.00123611	11.8597	54.4994	-36	-0.346409	14.8818	129
DATA	1670229619	832496881	10753	0	""	2022-12-05	09:40:19	6379.6108	472.39536	2039.6624	39.7475	55.0003	27.9522	37.0429	0.00123889	11.8601	54.499	31.75	-0.346409	14.8821	161
DATA	1670229620	832496881	10757	0	""	2022-12-05	09:40:20	6382.2451	472.49423	2038.684	39.7487	55.0003	27.951	37.0427	0.00123507	11.8599	54.4998	8	-0.346409	14.8829	162
DATA	1670229621	832496881	10761	0	""	2022-12-05	09:40:21	6383.3394	472.86127	2038.4769	39.7471	55.0003	27.9534	37.0429	0.00124525	11.8598	54.4998	-133.5	-0.346409	14.8837	  0
DATA	1670229622	832496881	10765	0	""	2022-12-05	09:40:22	6385.2749	472.83621	2038.099	39.7479	55.0003	27.9485	37.0429	0.00124203	11.8598	54.4998	-6.75	-0.346409	14.8825	168
DATA	1670229623	832496881	10769	0	""	2022-12-05	09:40:23	6386.6187	473.16208	2037.3448	39.7467	55.0003	27.9477	37.0427	0.00124936	11.8592	54.4998	22.25	-0.346409	14.8818	222
DATA	1670229624	832199096	10773	0	""	2022-12-05	09:40:24	6389.2651	473.54007	2037.0282	39.7479	55.0003	27.9489	37.0427	0.00124529	11.8599	54.4998	50	-0.346409	14.8821	 61
DATA	1670229625	832199096	10777	0	""	2022-12-05	09:40:25	6393.2192	473.50336	2036.8795	39.7471	55.0003	27.9489	37.0427	0.00124677	11.8598	54.4998	-24	-0.346409	14.8829	128
DATA	1670229626	832199096	10781	0	""	2022-12-05	09:40:26	6396.6255	474.08322	2036.3064	39.7479	55.0003	27.9506	37.0427	0.00124092	11.86	54.4998	33	-0.346409	14.8837	202
DATA	1670229627	832199096	10785	0	""	2022-12-05	09:40:27	6399.4629	473.7023	2035.824	39.7483	55.0003	27.9514	37.0427	0.00124105	11.8601	54.4998	-19.5	-0.346409	14.8818	 91
DATA	1670229628	832199096	10789	0	""	2022-12-05	09:40:28	6402.5337	474.65536	2035.4235	39.7487	55.0003	27.951	37.0429	0.00124873	11.8598	54.4998	-15.25	-0.346409	14.8841	212
DATA	1670229629	832199096	10793	0	""	2022-12-05	09:40:29	6405.9287	475.31122	2035.0417	39.7487	55.0003	27.9514	37.0429	0.00123871	11.8602	54.4998	5.75	-0.346409	14.8825	151
DATA	1670229630	832199096	10797	0	""	2022-12-05	09:40:30	6407.8232	474.23126	2034.3361	39.7475	55.0003	27.9514	37.0429	0.00124421	11.8595	54.4998	63.5	-0.346409	14.8829	135
DATA	1670229631	831897020	10801	0	""	2022-12-05	09:40:31	6411.0884	474.56934	2033.9611	39.7479	55.0003	27.9534	37.0427	0.00124464	11.86	54.4998	-54.5	-0.346409	14.8825	 73
DATA	1670229632	831897020	10805	0	""	2022-12-05	09:40:32	6414.1191	475.30832	2033.751	39.7471	55.0003	27.9506	37.0429	0.00124675	11.8596	54.4998	-20.5	-0.346409	14.8814	110
DATA	1670229633	831897020	10809	0	""	2022-12-05	09:40:33	6417.8643	474.9588	2033.3824	39.7475	55.0003	27.9481	37.0429	0.00123902	11.8594	54.4998	6.75	-0.346409	14.8814	107
DATA	1670229634	831897020	10813	0	""	2022-12-05	09:40:34	6419.8579	474.08768	2032.6552	39.7483	55.0003	27.9477	37.0427	0.00123339	11.8606	54.4998	-34.75	-0.346409	14.881	203
DATA	1670229635	831897020	10817	0	""	2022-12-05	09:40:35	6424.6812	475.68427	2032.4108	39.7475	55.0003	27.9477	37.0431	0.00124574	11.86	54.4998	123.75	-0.346409	14.881	 85
DATA	1670229636	831897020	10821	0	""	2022-12-05	09:40:36	6430.2803	475.0899	2032.2413	39.7483	55.0003	27.9489	37.0429	0.00124423	11.8596	54.4998	13.25	-0.346409	14.8821	130
DATA	1670229637	831897020	10825	0	""	2022-12-05	09:40:37	6434.3027	476.28867	2031.9663	39.7491	55.0003	27.9477	37.0431	0.00125108	11.8593	54.4998	91.25	-0.346409	14.881	149
DATA	1670229638	831897020	10829	0	""	2022-12-05	09:40:38	6439.5645	475.10345	2031.6309	39.7487	55.0003	27.9502	37.0429	0.00124972	11.8597	54.4998	-30	-0.346409	14.8802	 94
DATA	1670229639	831603050	10833	0	""	2022-12-05	09:40:39	6443.6167	475.8429	2031.2288	39.7483	55.0003	27.9493	37.0427	0.0012474	11.8596	54.4998	-24.75	-0.346409	14.8814	145
DATA	1670229640	831603050	10837	0	""	2022-12-05	09:40:40	6447.5884	475.69791	2030.8177	39.7483	55.0003	27.951	37.0427	0.00124975	11.859	54.4998	-17.25	-0.346409	14.8798	155
DATA	1670229641	831603050	10841	0	""	2022-12-05	09:40:41	6450.5503	475.85587	2030.6116	39.7475	55.0003	27.9506	37.0427	0.00124414	11.8602	54.4998	100.5	-0.346409	14.8798	156
DATA	1670229642	831603050	10845	0	""	2022-12-05	09:40:42	6452.0107	476.15195	2029.9093	39.7483	55.0003	27.9522	37.0427	0.00124805	11.8595	54.4998	-65.5	-0.346409	14.8802	168
DATA	1670229643	831603050	10849	0	""	2022-12-05	09:40:43	6454.7505	476.51367	2029.4352	39.7479	55.0003	27.9522	37.0427	0.00125004	11.8595	54.4998	22.25	-0.346409	14.8806	178
DATA	1670229644	831603050	10853	0	""	2022-12-05	09:40:44	6456.2915	477.46008	2028.8628	39.7475	55.0003	27.9493	37.0429	0.00125297	11.8598	54.4998	21.5	-0.346409	14.8794	160
DATA	1670229645	831603050	10857	0	""	2022-12-05	09:40:45	6457.5977	477.20413	2028.1951	39.7487	55.0003	27.9489	37.0431	0.00125292	11.8596	54.4998	-20	-0.346409	14.8814	 94
DATA	1670229646	831305980	10861	0	""	2022-12-05	09:40:46	6460.0508	476.10538	2027.4597	39.7491	55.0003	27.9481	37.0429	0.00124788	11.859	54.4998	29.5	-0.346409	14.8806	108
DATA	1670229647	831305980	10865	0	""	2022-12-05	09:40:47	6461.271	477.34503	2027.3203	39.7495	55.0003	27.9498	37.0427	0.00124791	11.859	54.4998	-13	-0.346409	14.8798	255
DATA	1670229648	831305980	10869	0	""	2022-12-05	09:40:48	6462.6709	478.65771	2027.005	39.7491	55.0003	27.9493	37.0427	0.00125767	11.8594	54.4998	-26.25	-0.346409	14.8802	213
DATA	1670229649	831305980	10873	0	""	2022-12-05	09:40:49	6463.1577	478.39349	2026.6946	39.7487	55.0003	27.9485	37.0427	0.00124689	11.8594	54.4998	-11.5	-0.346409	14.8798	244
DATA	1670229650	831305980	10877	0	""	2022-12-05	09:40:50	6464.9741	477.63812	2026.4058	39.7491	55.0003	27.9477	37.0427	0.0012559	11.8593	54.4998	-1.5	-0.346409	14.8782	100
DATA	1670229651	831305980	10881	0	""	2022-12-05	09:40:51	6467.4316	478.0105	2026.149	39.7495	55.0003	27.9493	37.0427	0.00125143	11.8595	54.4998	-59.75	-0.346409	14.8782	143
DATA	1670229652	831305980	10885	0	""	2022-12-05	09:40:52	6469.2642	477.39682	2025.8665	39.7475	55.0003	27.9489	37.0427	0.00125644	11.8585	54.4998	-55.5	-0.346409	14.8782	227
DATA	1670229653	831305980	10889	0	""	2022-12-05	09:40:53	6472.1069	477.81198	2025.7061	39.7516	55.0003	27.9485	37.0427	0.0012428	11.8593	54.4998	58.75	-0.346409	14.8774	169
DATA	1670229654	831017971	10893	0	""	2022-12-05	09:40:54	6474.3921	477.99872	2025.326	39.7508	55.0003	27.9502	37.0427	0.00123982	11.8596	54.4998	79	-0.346409	14.8774	 23
DATA	1670229655	831017971	10897	0	""	2022-12-05	09:40:55	6477.6743	478.90625	2024.8702	39.7467	55.0003	27.9526	37.0429	0.00126008	11.8601	54.4998	-202.75	-0.346409	14.8774	 48
DATA	1670229656	831017971	10901	0	""	2022-12-05	09:40:56	6480.1797	479.24707	2024.403	39.7483	55.0003	27.9485	37.0427	0.00125736	11.8599	54.4998	-61.5	-0.346409	14.877	102
DATA	1670229657	831017971	10905	0	""	2022-12-05	09:40:57	6486.2983	477.72275	2024.0428	39.7487	55.0003	27.9469	37.0427	0.00125644	11.8594	54.4992	1.25	-0.346409	14.877	112
DATA	1670229658	831017971	10909	0	""	2022-12-05	09:40:58	6488.7988	478.53723	2023.7242	39.7491	55.0003	27.9485	37.0427	0.00125639	11.8595	54.4992	-11.25	-0.346409	14.877	220
DATA	1670229659	831017971	10913	0	""	2022-12-05	09:40:59	6494.937	478.28015	2022.8467	39.7487	55.0003	27.9469	37.0427	0.00125157	11.8593	54.499	71.5	-0.346409	14.8778	 75
DATA	1670229660	831017971	10917	0	""	2022-12-05	09:41:00	6498.9375	478.79755	2022.4026	39.7495	55.0003	27.9506	37.0429	0.00124743	11.8592	54.4992	-55.25	-0.346409	14.8767	  0
DATA	1670229661	830713033	10921	0	""	2022-12-05	09:41:01	6502.6641	479.18155	2022.2035	39.7483	55.0003	27.9498	37.0429	0.0012571	11.859	54.4992	35.5	-0.346409	14.8747	 14
DATA	1670229662	830713033	10925	0	""	2022-12-05	09:41:02	6505.4595	479.39853	2022.0486	39.7487	55.0003	27.9485	37.0427	0.00125695	11.859	54.4996	-71.75	-0.346409	14.8759	210
DATA	1670229663	830713033	10929	0	""	2022-12-05	09:41:03	6509.6455	479.13931	2022.0837	39.7491	55.0003	27.9481	37.0429	0.0012628	11.8592	54.499	0	-0.346409	14.8751	131
DATA	1670229664	830713033	10933	0	""	2022-12-05	09:41:04	6511.7183	480.17371	2021.8372	39.7491	55.0003	27.9498	37.0427	0.00125525	11.8596	54.4998	101.75	-0.346409	14.8751	226
DATA	1670229665	830713033	10937	0	""	2022-12-05	09:41:05	6514.5996	480.3811	2021.2682	39.7491	55.0003	27.9485	37.0427	0.00126252	11.8589	54.4998	-22.5	-0.346409	14.8767	136
DATA	1670229666	830713033	10941	0	""	2022-12-05	09:41:06	6516.6797	479.81934	2020.4694	39.75	55.0003	27.9473	37.0427	0.0012545	11.8593	54.4998	-81.75	-0.346409	14.8767	105
DATA	1670229667	830713033	10945	0	""	2022-12-05	09:41:07	6520.3037	480.72086	2020.3207	39.7504	55.0003	27.9485	37.0427	0.00124774	11.8597	54.4998	144	-0.346409	14.8767	 81
DATA	1670229668	830713033	10949	0	""	2022-12-05	09:41:08	6521.4849	480.90433	2019.8171	39.7495	55.0003	27.9477	37.0427	0.00126442	11.8595	54.4998	-133.5	-0.346409	14.8763	249
DATA	1670229669	830416917	10953	0	""	2022-12-05	09:41:09	6525.8228	479.80804	2019.3759	39.7495	55.0003	27.9457	37.0429	0.00125492	11.8594	54.4998	27.5	-0.346409	14.8763	184
DATA	1670229670	830416917	10957	0	""	2022-12-05	09:41:10	6528.1694	480.21097	2019.447	39.75	55.0003	27.9465	37.0429	0.00125689	11.8594	54.4998	-51.75	-0.346409	14.8763	104
DATA	1670229671	830416917	10961	0	""	2022-12-05	09:41:11	6530.104	480.92081	2019.0389	39.7495	55.0003	27.944	37.0431	0.00125884	11.8594	54.4998	222	-0.346409	14.8759	239
DATA	1670229672	830416917	10965	0	""	2022-12-05	09:41:12	6532.0933	481.05167	2018.6729	39.7487	55.0003	27.9465	37.0427	0.00126464	11.8589	54.4998	-78.75	-0.346409	14.8751	  8
DATA	1670229673	830416917	10969	0	""	2022-12-05	09:41:13	6534.5366	481.31805	2018.2397	39.75	55.0003	27.9432	37.0427	0.00125498	11.8594	54.4998	5.5	-0.346409	14.8747	  5
DATA	1670229674	830416917	10973	0	""	2022-12-05	09:41:14	6536.2681	480.79797	2017.7812	39.7495	55.0003	27.9448	37.0427	0.00125878	11.8589	54.4998	100	-0.346409	14.8755	132
DATA	1670229675	830416917	10977	0	""	2022-12-05	09:41:15	6537.4014	481.59644	2017.7061	39.7487	55.0003	27.9473	37.0427	0.00126125	11.8587	54.4998	-80	-0.346409	14.8755	104
DATA	1670229676	830122947	10981	0	""	2022-12-05	09:41:16	6538.1191	480.86365	2017.4587	39.7491	55.0003	27.9436	37.0427	0.00126232	11.8595	54.4998	-46.25	-0.346409	14.8739	  0
DATA	1670229677	830122947	10985	0	""	2022-12-05	09:41:17	6539.4531	481.3768	2016.7268	39.7491	55.0003	27.9444	37.0427	0.00125765	11.8598	54.4998	56.25	-0.346409	14.8743	174
DATA	1670229678	830122947	10989	0	""	2022-12-05	09:41:18	6541.7397	482.13919	2016.7319	39.7491	55.0003	27.9457	37.0427	0.00126358	11.8597	54.4998	6	-0.346409	14.8743	 31
DATA	1670229679	830122947	10993	0	""	2022-12-05	09:41:19	6542.5322	481.58945	2016.2277	39.7495	55.0003	27.9448	37.0425	0.00125866	11.8594	54.4998	-101.25	-0.346409	14.8759	 59
DATA	1670229680	830122947	10997	0	""	2022-12-05	09:41:20	6543.1021	482.66107	2016.1246	39.7504	55.0003	27.9436	37.0429	0.00125749	11.8589	54.4998	97.5	-0.346409	14.8747	145
DATA	1670229681	830122947	11001	0	""	2022-12-05	09:41:21	6543.8247	481.7934	2015.5837	39.7495	55.0003	27.9465	37.0427	0.00126037	11.8598	54.4998	51.5	-0.346409	14.8743	 90
DATA	1670229682	830122947	11005	0	""	2022-12-05	09:41:22	6543.6001	481.85767	2015.0577	39.7495	55.0003	27.9469	37.0427	0.00125349	11.8593	54.4998	-31.25	-0.346409	14.8735	234
DATA	1670229683	830122947	11009	0	""	2022-12-05	09:41:23	6544.333	483.26108	2014.8124	39.7491	55.0003	27.9465	37.0427	0.00126	11.8592	54.4998	-14.5	-0.346409	14.8743	214
DATA	1670229684	829826116	11013	0	""	2022-12-05	09:41:24	6544.2607	482.9545	2014.4801	39.7491	55.0003	27.9448	37.0427	0.00127068	11.8592	54.4998	-43.5	-0.346409	14.8747	137
DATA	1670229685	829826116	11017	0	""	2022-12-05	09:41:25	6545.4785	482.70468	2014.4988	39.7495	55.0003	27.9469	37.0427	0.0012504	11.8588	54.4998	-8.25	-0.346409	14.8747	174
DATA	1670229686	829826116	11021	0	""	2022-12-05	09:41:26	6545.3486	482.72812	2014.0083	39.75	55.0003	27.944	37.0427	0.00125866	11.8592	54.4998	-16	-0.346409	14.8743	186
DATA	1670229687	829826116	11025	0	""	2022-12-05	09:41:27	6545.6123	483.83936	2013.3015	39.7495	55.0003	27.9448	37.0427	0.00126684	11.8592	54.4998	13.25	-0.346409	14.8743	199
DATA	1670229688	829826116	11029	0	""	2022-12-05	09:41:28	6546.918	483.78909	2013.1624	39.75	55.0003	27.9457	37.0423	0.0012587	11.8591	54.4998	-15.5	-0.346409	14.8735	  4
DATA	1670229689	829826116	11033	0	""	2022-12-05	09:41:29	6547.4033	483.31503	2012.6696	39.75	55.0003	27.9469	37.0425	0.00125838	11.8586	54.4998	-9.25	-0.346409	14.8731	 96
DATA	1670229690	829826116	11037	0	""	2022-12-05	09:41:30	6548.2061	483.89786	2012.3008	39.7495	55.0003	27.944	37.0427	0.00126537	11.8591	54.4998	-48	-0.346409	14.8731	 41
DATA	1670229691	829530000	11041	0	""	2022-12-05	09:41:31	6551.3027	483.21808	2011.7013	39.7495	55.0003	27.944	37.0427	0.00125462	11.8592	54.4998	-31.25	-0.346409	14.8723	138
DATA	1670229692	829530000	11045	0	""	2022-12-05	09:41:32	6552.312	482.96799	2011.3794	39.7495	55.0003	27.9424	37.0427	0.00125127	11.859	54.4998	13.75	-0.346409	14.8723	 81
DATA	1670229693	829530000	11049	0	""	2022-12-05	09:41:33	6554.4971	483.6416	2011.3792	39.7504	55.0003	27.9436	37.0427	0.00125238	11.8591	54.4998	202.5	-0.346409	14.8719	124
DATA	1670229694	829530000	11053	0	""	2022-12-05	09:41:34	6556.5649	483.57437	2011.066	39.7508	55.0003	27.9461	37.0427	0.00125285	11.8591	54.4998	-1	-0.346409	14.8727	232
DATA	1670229695	829530000	11057	0	""	2022-12-05	09:41:35	6559.3052	483.85217	2010.8728	39.7495	55.0003	27.944	37.0427	0.00125663	11.8593	54.4998	-69.25	-0.346409	14.8716	193
DATA	1670229696	829530000	11061	0	""	2022-12-05	09:41:36	6561.7544	484.35257	2010.4521	39.7495	55.0003	27.9416	37.0425	0.00126204	11.8592	54.4998	-79.5	-0.346409	14.8723	169
DATA	1670229697	829530000	11065	0	""	2022-12-05	09:41:37	6563.5024	484.56198	2010.2155	39.7508	55.0003	27.9416	37.0425	0.0012665	11.8593	54.4998	164.5	-0.346409	14.8719	132
DATA	1670229698	829530000	11069	0	""	2022-12-05	09:41:38	6566.4253	485.44131	2009.9099	39.7495	55.0003	27.9424	37.0427	0.00127366	11.859	54.4998	-17.75	-0.346409	14.8716	205
DATA	1670229699	829240083	11073	0	""	2022-12-05	09:41:39	6569.6055	483.96472	2009.3822	39.7504	55.0003	27.9424	37.0427	0.00125896	11.8591	54.4998	-3.5	-0.346409	14.8719	158
DATA	1670229700	829240083	11077	0	""	2022-12-05	09:41:40	6570.146	484.52344	2009.1221	39.7504	55.0003	27.9444	37.0427	0.00126361	11.8592	54.4998	-14.25	-0.346409	14.8727	148
DATA	1670229701	829240083	11081	0	""	2022-12-05	09:41:41	6572.3901	483.92444	2009.0249	39.7512	55.0003	27.9428	37.0427	0.00125558	11.8588	54.4998	-3.5	-0.346409	14.8719	124
DATA	1670229702	829240083	11085	0	""	2022-12-05	09:41:42	6573.3721	484.61996	2008.3774	39.75	55.0005	27.9444	37.0427	0.00126125	11.8589	54.4998	-13.25	-0.346409	14.8712	130
DATA	1670229703	829240083	11089	0	""	2022-12-05	09:41:43	6573.7798	485.55844	2008.3553	39.7504	55.0006	27.9444	37.0429	0.00125605	11.8588	54.4998	-14.5	-0.346409	14.8704	201
DATA	1670229704	829240083	11093	0	""	2022-12-05	09:41:44	6573.6357	485.29147	2007.9406	39.7491	55.0003	27.942	37.0429	0.00126593	11.8594	54.4998	42.25	-0.346409	14.8704	145
DATA	1670229705	829240083	11097	0	""	2022-12-05	09:41:45	6575.4102	485.48065	2007.5994	39.7495	55.0005	27.942	37.0429	0.0012684	11.8599	54.4998	-19.75	-0.346409	14.8696	169
DATA	1670229706	828942060	11101	0	""	2022-12-05	09:41:46	6575.4419	484.50885	2007.335	39.7508	55.0003	27.944	37.0429	0.00125528	11.8589	54.4998	113	-0.346409	14.8692	249
DATA	1670229707	828942060	11105	0	""	2022-12-05	09:41:47	6575.0527	485.25745	2007.041	39.7504	55.0005	27.9432	37.0427	0.00126014	11.8587	54.4998	28.75	-0.346409	14.8708	130
DATA	1670229708	828942060	11109	0	""	2022-12-05	09:41:48	6577.2422	485.52841	2006.5365	39.7508	55.0006	27.9436	37.0427	0.00126213	11.859	54.4998	-10.75	-0.346409	14.8692	186
DATA	1670229709	828942060	11113	0	""	2022-12-05	09:41:49	6577.123	485.46927	2006.4694	39.75	55.0008	27.9444	37.0427	0.00126243	11.8586	54.4998	33.25	-0.346409	14.8704	 45
DATA	1670229710	828942060	11117	0	""	2022-12-05	09:41:50	6579.606	486.40259	2006.1049	39.7504	55.0006	27.9453	37.0427	0.00125883	11.859	54.4998	-36.75	-0.346409	14.87	 32
DATA	1670229711	828942060	11121	0	""	2022-12-05	09:41:51	6580.5449	485.88391	2005.5692	39.7495	55.0006	27.9436	37.0427	0.00125377	11.8589	54.4998	85.75	-0.346409	14.87	117
DATA	1670229712	828942060	11125	0	""	2022-12-05	09:41:52	6582.5674	485.56937	2005.3669	39.752	55.0008	27.9465	37.0425	0.00126284	11.8594	54.4998	123.25	-0.346409	14.8712	200
DATA	1670229713	828942060	11129	0	""	2022-12-05	09:41:53	6582.5566	485.31403	2004.7606	39.75	55.001	27.9469	37.0423	0.0012642	11.8592	54.4998	-42.5	-0.346409	14.87	124
DATA	1670229714	828645944	11133	0	""	2022-12-05	09:41:54	6582.1968	486.53839	2004.6635	39.7504	55.0006	27.9465	37.0425	0.00126028	11.8589	54.4998	-49	-0.346409	14.8696	124
DATA	1670229715	828645944	11137	0	""	2022-12-05	09:41:55	6581.8105	486.63467	2003.9176	39.75	55.001	27.9457	37.0427	0.00126877	11.8588	54.4998	-82.75	-0.346409	14.8704	121
DATA	1670229716	828645944	11141	0	""	2022-12-05	09:41:56	6582.6743	487.23486	2003.839	39.7495	55.001	27.9416	37.0427	0.00126617	11.8587	54.4998	-43.5	-0.346409	14.87	  9
DATA	1670229717	828645944	11145	0	""	2022-12-05	09:41:57	6583.001	487.41611	2003.4379	39.7508	55.0008	27.9424	37.0427	0.00126765	11.8589	54.4998	149.75	-0.346409	14.8688	221
DATA	1670229718	828645944	11149	0	""	2022-12-05	09:41:58	6583.4683	486.89566	2003.0948	39.75	55.0008	27.9432	37.0427	0.00126592	11.859	54.4998	19.25	-0.346409	14.8684	 89
DATA	1670229719	828645944	11153	0	""	2022-12-05	09:41:59	6584.7349	487.13828	2002.7679	39.7508	55.001	27.9444	37.0427	0.00125439	11.8587	54.4998	27.25	-0.346409	14.8692	188
DATA	1670229720	828645944	11157	0	""	2022-12-05	09:42:00	6583.9873	486.8949	2002.1066	39.7504	55.001	27.9465	37.0427	0.00125977	11.8588	54.4998	-76.5	-0.346409	14.8696	127
DATA	1670229721	828350067	11161	0	""	2022-12-05	09:42:01	6586.0718	487.87805	2002.1766	39.7508	55.0006	27.9432	37.0423	0.0012567	11.8589	54.4998	24.75	-0.346409	14.868	 97
DATA	1670229722	828350067	11165	0	""	2022-12-05	09:42:02	6586.6621	487.37561	2001.9702	39.7516	55.0006	27.9444	37.0425	0.00126246	11.8592	54.4998	-66	-0.346409	14.8684	 88
DATA	1670229723	828350067	11169	0	""	2022-12-05	09:42:03	6587.8047	487.13239	2001.5398	39.7504	55.0006	27.9436	37.0427	0.0012628	11.8596	54.4998	171.5	-0.346409	14.8676	156
DATA	1670229724	828350067	11173	0	""	2022-12-05	09:42:04	6588.5215	488.40604	2001.4598	39.7508	55.0008	27.9436	37.0427	0.00126469	11.8591	54.4998	45.75	-0.346409	14.8668	212
DATA	1670229725	828350067	11177	0	""	2022-12-05	09:42:05	6589.4561	488.11285	2001.2207	39.7508	55.001	27.9453	37.0427	0.00126347	11.8591	54.4998	-21.25	-0.346409	14.8676	182
DATA	1670229726	828350067	11181	0	""	2022-12-05	09:42:06	6591.5957	488.12961	2000.6018	39.7508	55.001	27.9424	37.0427	0.00126459	11.8591	54.4998	-28.75	-0.346409	14.868	148
DATA	1670229727	828350067	11185	0	""	2022-12-05	09:42:07	6594.7837	488.05951	2000.2614	39.7516	55.0008	27.9432	37.0427	0.00125471	11.8585	54.4998	133.25	-0.346409	14.8676	252
DATA	1670229728	828350067	11189	0	""	2022-12-05	09:42:08	6595.7236	488.64426	1999.8154	39.7508	55.0008	27.9477	37.0427	0.00125626	11.8587	54.4998	19	-0.346409	14.8668	106
DATA	1670229729	828052043	11193	0	""	2022-12-05	09:42:09	6597.0513	489.2648	1999.5212	39.7508	55.0008	27.9473	37.0427	0.00126608	11.8588	54.4998	-47.25	-0.346409	14.8684	223
DATA	1670229730	828052043	11197	0	""	2022-12-05	09:42:10	6597.5928	487.86664	1999.4092	39.7504	55.001	27.9453	37.0425	0.00126068	11.8588	54.4998	-89.25	-0.346409	14.8684	230
DATA	1670229731	828052043	11201	0	""	2022-12-05	09:42:11	6599.7393	489.54819	1999.2725	39.7512	55.0005	27.9432	37.0425	0.00127142	11.8592	54.4998	-27.25	-0.346409	14.868	195
DATA	1670229732	828052043	11205	0	""	2022-12-05	09:42:12	6600.9346	489.71564	1998.6136	39.7504	55.0008	27.9428	37.0427	0.00126736	11.8586	54.4998	27	-0.346409	14.8672	 56
DATA	1670229733	828052043	11209	0	""	2022-12-05	09:42:13	6602.2852	489.33755	1998.3167	39.7512	55.0008	27.9408	37.0427	0.00126116	11.8589	54.4998	1	-0.346409	14.8661	250
DATA	1670229734	828052043	11213	0	""	2022-12-05	09:42:14	6604.9297	489.22302	1998.2466	39.7512	55.001	27.942	37.0427	0.00126259	11.8593	54.4998	19.75	-0.346409	14.8657	100
DATA	1670229735	828052043	11217	0	""	2022-12-05	09:42:15	6606.8145	489.71658	1997.9564	39.7504	55.001	27.9424	37.0427	0.00127627	11.8591	54.4998	74.25	-0.346409	14.8665	168
DATA	1670229736	827761888	11221	0	""	2022-12-05	09:42:16	6608.2808	490.29788	1997.6487	39.752	55.0008	27.9432	37.0427	0.00125928	11.8591	54.4998	140.75	-0.346409	14.8657	244
DATA	1670229737	827761888	11225	0	""	2022-12-05	09:42:17	6610.1724	489.59402	1997.1779	39.7508	55.0008	27.9461	37.0427	0.00126843	11.8591	54.4998	108	-0.346409	14.8668	137
DATA	1670229738	827761888	11229	0	""	2022-12-05	09:42:18	6612.9854	489.99628	1996.7212	39.7504	55.0006	27.9469	37.0431	0.0012643	11.8594	54.4998	82.25	-0.346409	14.8665	201
DATA	1670229739	827761888	11233	0	""	2022-12-05	09:42:19	6614.1699	490.43338	1996.3315	39.7512	55.001	27.9477	37.0431	0.0012662	11.8592	54.4998	-107	-0.346409	14.8665	 64
DATA	1670229740	827761888	11237	0	""	2022-12-05	09:42:20	6616.249	489.68857	1996.3206	39.7508	55.001	27.9448	37.0427	0.00126185	11.859	54.4998	-77	-0.346409	14.8661	238
DATA	1670229741	827761888	11241	0	""	2022-12-05	09:42:21	6617.707	489.76083	1995.8904	39.7512	55.001	27.9416	37.0427	0.00126849	11.8586	54.4998	31.25	-0.346409	14.8645	124
DATA	1670229742	827761888	11245	0	""	2022-12-05	09:42:22	6616.875	490.29803	1995.3431	39.7504	55.001	27.9428	37.0427	0.00127442	11.8594	54.4998	12.25	-0.346409	14.8645	107
DATA	1670229743	827761888	11249	0	""	2022-12-05	09:42:23	6617.9146	491.31125	1995.473	39.7512	55.001	27.942	37.0427	0.00127439	11.8585	54.4998	-2.5	-0.346409	14.8641	255
DATA	1670229744	827461957	11253	0	""	2022-12-05	09:42:24	6616.9258	490.54495	1995.2495	39.7524	55.001	27.942	37.0427	0.00126031	11.8592	54.4998	130.75	-0.346409	14.8649	165
DATA	1670229745	827461957	11257	0	""	2022-12-05	09:42:25	6616.2974	491.46298	1994.4919	39.752	55.001	27.9432	37.0427	0.00126305	11.8593	54.4998	0.75	-0.346409	14.8653	 73
DATA	1670229746	827461957	11261	0	""	2022-12-05	09:42:26	6617.4761	490.64816	1994.3215	39.7516	55.001	27.9436	37.0427	0.00126077	11.859	54.4998	21.75	-0.346409	14.8657	117
DATA	1670229747	827461957	11265	0	""	2022-12-05	09:42:27	6617.4453	491.24591	1994.1272	39.7512	55.001	27.9453	37.0427	0.00125872	11.8588	54.4998	-45	-0.346409	14.8657	 68
DATA	1670229748	827461957	11269	0	""	2022-12-05	09:42:28	6617.1812	490.83337	1994.0536	39.7512	55.001	27.9457	37.0425	0.00126009	11.8588	54.4998	149.75	-0.346409	14.8645	228
DATA	1670229749	827461957	11273	0	""	2022-12-05	09:42:29	6616.2261	491.29507	1993.3743	39.7512	55.001	27.9444	37.0427	0.00126761	11.8592	54.4998	-82.75	-0.346409	14.8653	215
DATA	1670229750	827461957	11277	0	""	2022-12-05	09:42:30	6616.5869	491.92712	1993.3594	39.7516	55.001	27.9444	37.0427	0.00127074	11.8592	54.4998	0.5	-0.346409	14.8649	 71
DATA	1670229751	827166080	11281	0	""	2022-12-05	09:42:31	6616.1636	491.50342	1993.1073	39.7508	55.001	27.9432	37.0427	0.00126643	11.8587	54.4998	67.25	-0.346409	14.8645	138
DATA	1670229752	827166080	11285	0	""	2022-12-05	09:42:32	6615.8916	491.89664	1992.7496	39.7516	55.001	27.9432	37.0427	0.00126051	11.8589	54.4998	-18.5	-0.346409	14.8645	169
DATA	1670229753	827166080	11289	0	""	2022-12-05	09:42:33	6615.4663	492.17484	1992.1821	39.7504	55.001	27.9424	37.0427	0.00126715	11.8587	54.4998	72	-0.346409	14.8633	  4
DATA	1670229754	827166080	11293	0	""	2022-12-05	09:42:34	6616.9404	491.69049	1991.7429	39.7524	55.001	27.944	37.0425	0.00126039	11.8588	54.4998	22.5	-0.346409	14.8629	 61
DATA	1670229755	827166080	11297	0	""	2022-12-05	09:42:35	6615.6787	491.91891	1991.72	39.7516	55.001	27.9436	37.0423	0.0012648	11.859	54.4998	18.25	-0.346409	14.8633	223
DATA	1670229756	827166080	11301	0	""	2022-12-05	09:42:36	6618.6519	491.30814	1991.6367	39.7524	55.0008	27.9457	37.0427	0.00125712	11.8586	54.4998	30	-0.346409	14.8617	 54
DATA	1670229757	827166080	11305	0	""	2022-12-05	09:42:37	6619.314	492.13657	1990.7635	39.7532	55.001	27.9457	37.0427	0.00126047	11.859	54.4998	156	-0.346409	14.8621	206
DATA	1670229758	827166080	11309	0	""	2022-12-05	09:42:38	6620.2407	492.18839	1990.5134	39.752	55.001	27.9457	37.0427	0.0012628	11.8597	54.4998	30.75	-0.346409	14.8614	 54
DATA	1670229759	826875925	11313	0	""	2022-12-05	09:42:39	6622.4956	491.8009	1990.3147	39.7512	55.0006	27.9473	37.0427	0.00126064	11.8589	54.4998	198.25	-0.346409	14.8629	232
DATA	1670229760	826875925	11317	0	""	2022-12-05	09:42:40	6624.1523	492.39511	1990.2869	39.7516	55.001	27.9481	37.0427	0.00127125	11.8588	54.4998	60.25	-0.346409	14.8614	152
DATA	1670229761	826875925	11321	0	""	2022-12-05	09:42:41	6625.6836	492.21854	1989.9479	39.7516	55.001	27.9469	37.0427	0.00126352	11.8593	54.4998	-185	-0.346409	14.8614	130
DATA	1670229762	826875925	11325	0	""	2022-12-05	09:42:42	6628.3467	491.42871	1990.6346	39.752	55.001	27.9436	37.0429	0.0012624	11.8591	54.4998	46.5	-0.346409	14.8621	  8
DATA	1670229763	826875925	11329	0	""	2022-12-05	09:42:43	6631.7681	489.651	1994.9905	39.7508	55.001	27.9432	37.0429	0.00126681	11.859	54.4998	-79.25	-0.346409	14.8637	 85
DATA	1670229764	826875925	11333	0	""	2022-12-05	09:42:44	6633.4243	487.67966	2001.8905	39.752	55.001	27.944	37.0431	0.00126925	11.8592	54.4998	111.5	-0.346409	14.8629	 52
DATA	1670229765	826875925	11337	0	""	2022-12-05	09:42:45	6634.7729	481.12695	2013.9486	39.7512	55.001	27.9465	37.0429	0.00126075	11.8588	54.4998	42.75	-0.346409	14.8625	180
DATA	1670229766	826575994	11341	0	""	2022-12-05	09:42:46	6636.7451	476.22348	2025.9299	39.7504	55.001	27.944	37.0427	0.00126408	11.8587	54.4998	52.75	-0.346409	14.8625	123
DATA	1670229767	826575994	11345	0	""	2022-12-05	09:42:47	6637.1445	477.9418	2023.3041	39.7532	55.001	27.944	37.0427	0.00127208	11.8588	54.4998	33.25	-0.346409	14.861	  1
DATA	1670229768	826575994	11349	0	""	2022-12-05	09:42:48	6637.9302	475.427	2029.0585	39.7524	55.001	27.9453	37.0427	0.00125855	11.859	54.4998	18	-0.346409	14.8606	131
DATA	1670229769	826575994	11353	0	""	2022-12-05	09:42:49	6647.7197	472.46051	2035.6294	39.7516	55.001	27.9432	37.0427	0.00126787	11.8594	54.4998	-42	-0.346409	14.8614	 75
DATA	1670229770	826575994	11357	0	""	2022-12-05	09:42:50	6652.3408	472.50519	2036.2535	39.7528	55.001	27.9428	37.0429	0.00126925	11.8588	54.4998	-12.5	-0.346409	14.8617	155
DATA	1670229771	826575994	11361	0	""	2022-12-05	09:42:51	6655.769	472.21664	2036.4882	39.752	55.001	27.9424	37.0429	0.00126944	11.8592	54.4998	-14.75	-0.346409	14.8606	111
DATA	1670229772	826575994	11365	0	""	2022-12-05	09:42:52	6655.9082	471.49185	2038.7734	39.7516	55.001	27.9428	37.0427	0.00127372	11.8591	54.4998	35	-0.346409	14.8606	 24
DATA	1670229773	826575994	11369	0	""	2022-12-05	09:42:53	6656.1919	472.44464	2039.1005	39.7516	55.001	27.9428	37.0425	0.00127627	11.8597	54.4998	-62.75	-0.346409	14.8598	230
DATA	1670229774	826277971	11373	0	""	2022-12-05	09:42:54	6655.1895	471.46414	2040.0947	39.752	55.001	27.9428	37.0427	0.0012705	11.8593	54.4998	-31	-0.346409	14.859	154
DATA	1670229775	826277971	11377	0	""	2022-12-05	09:42:55	6653.9038	471.07617	2042.3748	39.7524	55.001	27.9412	37.0427	0.00126318	11.8587	54.4998	61.75	-0.346409	14.8586	172
DATA	1670229776	826277971	11381	0	""	2022-12-05	09:42:56	6652.062	470.24411	2043.6168	39.7532	55.001	27.9448	37.0427	0.00126017	11.8587	54.4998	38.75	-0.346409	14.8578	107
DATA	1670229777	826277971	11385	0	""	2022-12-05	09:42:57	6650.5781	469.28647	2045.0083	39.7528	55.001	27.9453	37.0429	0.00125529	11.8593	54.4998	-51.75	-0.346409	14.8586	233
DATA	1670229778	826277971	11389	0	""	2022-12-05	09:42:58	6650.1743	467.39661	2046.5521	39.7528	55.001	27.9432	37.0429	0.00125461	11.8587	54.4998	-27.5	-0.346409	14.8586	175
DATA	1670229779	826277971	11393	0	""	2022-12-05	09:42:59	6648.417	468.18631	2046.7751	39.7532	55.001	27.9432	37.0427	0.0012621	11.8593	54.4998	-32.25	-0.346409	14.8594	110
DATA	1670229780	826277971	11397	0	""	2022-12-05	09:43:00	6646.4248	468.28513	2048.4458	39.7524	55.001	27.9416	37.0427	0.00127108	11.8587	54.4998	-83.25	-0.346409	14.861	156
DATA	1670229781	825990915	11401	0	""	2022-12-05	09:43:01	6642.354	466.92496	2054.6321	39.7528	55.001	27.9399	37.0429	0.00126868	11.8588	54.4998	121	-0.346409	14.8594	 17
DATA	1670229782	825990915	11405	0	""	2022-12-05	09:43:02	6640.1216	465.65875	2057.8411	39.7524	55.001	27.9412	37.0429	0.00126489	11.8592	54.4998	29.75	-0.346409	14.8594	161
DATA	1670229783	825990915	11409	0	""	2022-12-05	09:43:03	6637.1465	464.59711	2059.4463	39.7524	55.001	27.9399	37.0427	0.00126356	11.8594	54.4998	129.75	-0.346409	14.8598	235
DATA	1670229784	825990915	11413	0	""	2022-12-05	09:43:04	6634.7559	465.63199	2060.0935	39.7528	55.001	27.942	37.0427	0.00127244	11.859	54.4998	75.5	-0.346409	14.8594	 16
DATA	1670229785	825990915	11417	0	""	2022-12-05	09:43:05	6631.9346	465.24384	2058.8328	39.752	55.001	27.9432	37.0427	0.00126902	11.859	54.4998	-71.25	-0.346409	14.8594	105
DATA	1670229786	825990915	11421	0	""	2022-12-05	09:43:06	6626.9238	465.82443	2057.5063	39.7536	55.001	27.9408	37.0427	0.00126853	11.8595	54.4998	48.5	-0.346409	14.8578	125
DATA	1670229787	825990915	11425	0	""	2022-12-05	09:43:07	6624.6216	467.58606	2056.8643	39.7528	55.001	27.9428	37.0429	0.0012629	11.8592	54.4998	-24.25	-0.346409	14.8586	171
DATA	1670229788	825990915	11429	0	""	2022-12-05	09:43:08	6620.4985	469.01273	2057.4797	39.7516	55.001	27.9408	37.0429	0.0012702	11.8593	54.4998	14.75	-0.346409	14.8586	128
DATA	1670229789	825685977	11433	0	""	2022-12-05	09:43:09	6617.3325	467.06653	2058.9734	39.7528	55.001	27.942	37.0431	0.00126427	11.8592	54.4998	-14.5	-0.346409	14.8586	118
DATA	1670229790	825685977	11437	0	""	2022-12-05	09:43:10	6612.6348	466.29276	2059.5571	39.7536	55.001	27.9412	37.0425	0.00125889	11.8593	54.4998	1.5	-0.346409	14.8582	 72
DATA	1670229791	825685977	11441	0	""	2022-12-05	09:43:11	6610.4434	466.64438	2059.2649	39.7532	55.001	27.9424	37.0427	0.00126181	11.8589	54.4998	99.25	-0.346409	14.8582	170
DATA	1670229792	825685977	11445	0	""	2022-12-05	09:43:12	6605.5068	466.05069	2058.5566	39.7524	55.001	27.9432	37.0427	0.0012618	11.8593	54.4998	27	-0.346409	14.8566	225
DATA	1670229793	825685977	11449	0	""	2022-12-05	09:43:13	6603.3511	466.43399	2059.9275	39.752	55.001	27.9493	37.0427	0.00127881	11.8592	54.4998	836.75	-0.346409	14.8566	195
DATA	1670229794	825685977	11453	0	""	2022-12-05	09:43:14	6597.583	469.60217	2059.9834	39.7536	55.001	27.9559	37.0427	0.00128497	11.8596	54.4998	992.75	-0.346409	14.8559	225
DATA	1670229795	825685977	11457	0	""	2022-12-05	09:43:15	6595.1484	470.39084	2060.3469	39.7544	55.001	27.9694	37.0427	0.00127201	11.8596	54.4998	1076.75	-0.346409	14.8551	 27
DATA	1670229796	825397014	11461	0	""	2022-12-05	09:43:16	6588.626	471.42603	2060.6045	39.754	55.001	27.98	37.0427	0.00126349	11.8595	54.4998	490	-0.346409	14.8551	103
DATA	1670229797	825397014	11465	0	""	2022-12-05	09:43:17	6583.6763	470.58087	2060.8921	39.7536	55.001	27.9861	37.0425	0.00126769	11.8591	54.4998	438	-0.346409	14.8555	 83
DATA	1670229798	825397014	11469	0	""	2022-12-05	09:43:18	6577.4897	468.82883	2061.0085	39.7544	55.001	27.991	37.0425	0.00125939	11.8587	54.499	7	-0.346409	14.8551	141
DATA	1670229799	825397014	11473	0	""	2022-12-05	09:43:19	6563.7769	469.54547	2062.1836	39.7524	55.001	27.9931	37.0427	0.00130486	11.8596	54.499	-231.75	-0.346409	14.8504	217
DATA	1670229800	825397014	11477	0	""	2022-12-05	09:43:20	6562.9902	467.13281	2062.5896	39.7532	55.001	27.9923	37.0425	0.00128123	11.8595	54.499	248	-0.346409	14.85	141
DATA	1670229801	825397014	11481	0	""	2022-12-05	09:43:21	6552.9604	466.19772	2063.3772	39.7561	55.001	27.9935	37.0427	0.00126556	11.8596	54.499	-224	-0.346409	14.8512	 36
DATA	1670229802	825397014	11485	0	""	2022-12-05	09:43:22	6543.5771	464.03244	2064.1494	39.7561	55.001	27.9894	37.0427	0.00124802	11.8591	54.499	128.5	-0.346409	14.8519	 83
DATA	1670229803	825397014	11489	0	""	2022-12-05	09:43:23	6537.0586	465.20334	2064.4294	39.7585	55.001	27.9906	37.0427	0.00129685	11.8592	54.499	-335.75	-0.346409	14.8508	205
DATA	1670229804	825103044	11493	0	""	2022-12-05	09:43:24	6527.917	462.91595	2064.9265	39.7544	55.001	27.989	37.0429	0.00125397	11.8598	54.499	236.5	-0.346409	14.8519	 11
DATA	1670229805	825103044	11497	0	""	2022-12-05	09:43:25	6518.6162	462.13818	2065.0525	39.7544	55.001	27.9943	37.0425	0.00125737	11.8594	54.499	-16.5	-0.346409	14.8515	 72
DATA	1670229806	825103044	11501	0	""	2022-12-05	09:43:26	6513.6396	461.99948	2065.7527	39.7549	55.001	27.9959	37.0427	0.00130611	11.8603	54.499	-140.75	-0.346409	14.8515	183
DATA	1670229807	825103044	11505	0	""	2022-12-05	09:43:27	6497.6543	462.09103	2065.645	39.7557	55.001	27.9939	37.0425	0.00124774	11.8593	54.499	-37.75	-0.346409	14.8539	 94
DATA	1670229808	825103044	11509	0	""	2022-12-05	09:43:28	6490.7993	460.64554	2066.2153	39.7557	55.001	27.991	37.0425	0.00124628	11.8603	54.499	-69	-0.346409	14.8535	191
DATA	1670229809	825103044	11513	0	""	2022-12-05	09:43:29	6482.3711	460.44363	2066.2651	39.7536	55.001	27.991	37.0427	0.00125524	11.8603	54.499	58.25	-0.346409	14.8531	  9
DATA	1670229810	825103044	11517	0	""	2022-12-05	09:43:30	6474.1025	461.05389	2066.5364	39.7549	55.001	27.9886	37.0427	0.00125238	11.8594	54.499	218.25	-0.346409	14.8535	129
DATA	1670229811	824800968	11521	0	""	2022-12-05	09:43:31	6467.3242	459.38736	2066.97	39.7561	55.001	27.9902	37.0427	0.00124751	11.8601	54.499	-10.25	-0.346409	14.8535	 18
DATA	1670229812	824800968	11525	0	""	2022-12-05	09:43:32	6459.8223	458.90756	2065.6389	39.7557	55.001	27.991	37.0427	0.00124441	11.8599	54.499	-323.25	-0.346409	14.8535	156
DATA	1670229813	824800968	11529	0	""	2022-12-05	09:43:33	6451.165	458.26324	2066.5259	39.7544	55.001	27.9886	37.0427	0.00123557	11.8603	54.499	140	-0.346409	14.8531	193
DATA	1670229814	824800968	11533	0	""	2022-12-05	09:43:34	6446.7373	456.36102	2065.7061	39.7553	55.001	27.9878	37.0423	0.00122227	11.8597	54.499	-325.5	-0.346409	14.8539	138
DATA	1670229815	824800968	11537	0	""	2022-12-05	09:43:35	6429.6616	458.89969	2067.4001	39.7561	55.001	27.9857	37.0423	0.00125125	11.8598	54.499	-384.25	-0.346409	14.8539	220
DATA	1670229816	824800968	11541	0	""	2022-12-05	09:43:36	6423.9092	459.039	2067.9355	39.7553	55.001	27.9816	37.0427	0.00126264	11.8599	54.499	37.25	-0.346409	14.8531	  5
DATA	1670229817	824800968	11545	0	""	2022-12-05	09:43:37	6411.3779	457.76373	2067.5425	39.7553	55.001	27.9808	37.0427	0.00123168	11.86	54.499	-416.25	-0.346409	14.8543	101
DATA	1670229818	824800968	11549	0	""	2022-12-05	09:43:38	6406.769	459.42218	2067.6367	39.7557	55.001	27.9812	37.0427	0.00123687	11.8599	54.499	-164	-0.346409	14.8535	 28
DATA	1670229819	824507951	11553	0	""	2022-12-05	09:43:39	6400.1587	458.57104	2067.3997	39.7561	55.001	27.98	37.0429	0.0012313	11.8599	54.499	-84.75	-0.346409	14.8531	  3
DATA	1670229820	824507951	11557	0	""	2022-12-05	09:43:40	6391.8379	459.7832	2068.8044	39.7544	55.001	27.9743	37.0427	0.00123788	11.8604	54.499	-332.5	-0.346409	14.8523	 96
DATA	1670229821	824507951	11561	0	""	2022-12-05	09:43:41	6382.6646	458.76688	2068.4731	39.7544	55.001	27.9726	37.0427	0.00121166	11.8605	54.499	-135	-0.346409	14.8519	 46
DATA	1670229822	824507951	11565	0	""	2022-12-05	09:43:42	6375.5693	459.37991	2068.7776	39.7553	55.001	27.9726	37.0429	0.00124008	11.8599	54.4992	-60.5	-0.346409	14.8519	172
DATA	1670229823	824507951	11569	0	""	2022-12-05	09:43:43	6369.8589	459.7442	2067.7451	39.7544	55.001	27.9735	37.0429	0.0012399	11.8604	54.4998	221.75	-0.346409	14.8551	124
DATA	1670229824	824507951	11573	0	""	2022-12-05	09:43:44	6360.9302	459.66599	2067.3252	39.7557	55.001	27.9771	37.0423	0.00124009	11.8605	54.4998	-86	-0.346409	14.8543	 49
DATA	1670229825	824507951	11577	0	""	2022-12-05	09:43:45	6359.978	460.1073	2067.6794	39.7549	55.001	27.9751	37.0427	0.00123196	11.8601	54.4998	-171.75	-0.346409	14.8543	161
DATA	1670229826	824208021	11581	0	""	2022-12-05	09:43:46	6350.04	459.40381	2067.9158	39.7536	55.001	27.9743	37.0427	0.00123225	11.8605	54.4998	-230	-0.346409	14.8539	222
DATA	1670229827	824208021	11585	0	""	2022-12-05	09:43:47	6341.3042	459.51102	2068.1904	39.7536	55.001	27.9718	37.0427	0.00123925	11.8609	54.4998	-195.75	-0.346409	14.8551	229
DATA	1670229828	824208021	11589	0	""	2022-12-05	09:43:48	6336.3975	464.33792	2069.7703	39.754	55.001	27.9714	37.0427	0.00126706	11.8604	54.4998	-4	-0.346409	14.8531	200
DATA	1670229829	824208021	11593	0	""	2022-12-05	09:43:49	6332.8418	458.7511	2069.0769	39.7553	55.001	27.9698	37.0427	0.00123457	11.8601	54.4998	-186.75	-0.346409	14.8531	205
DATA	1670229830	824208021	11597	0	""	2022-12-05	09:43:50	6325.4302	459.46426	2068.1125	39.7544	55.001	27.9685	37.0427	0.00122202	11.8598	54.4998	149.5	-0.346409	14.8523	124
DATA	1670229831	824208021	11601	0	""	2022-12-05	09:43:51	6319.7363	459.70529	2067.8423	39.754	55.001	27.9677	37.0427	0.0012306	11.8602	54.4998	50	-0.346409	14.8531	122
DATA	1670229832	824208021	11605	0	""	2022-12-05	09:43:52	6314.4277	458.4689	2068.0586	39.754	55.001	27.9665	37.0423	0.00123356	11.8603	54.4998	-210.25	-0.346409	14.8543	119
DATA	1670229833	824208021	11609	0	""	2022-12-05	09:43:53	6310.5918	460.04514	2068.2043	39.754	55.001	27.9645	37.0425	0.00123321	11.8604	54.4998	-264.75	-0.346409	14.8535	150
DATA	1670229834	823914051	11613	0	""	2022-12-05	09:43:54	6305.8608	458.02563	2069.4697	39.7532	55.001	27.9632	37.0427	0.00121756	11.8604	54.4998	243	-0.346409	14.8531	 34
DATA	1670229835	823914051	11617	0	""	2022-12-05	09:43:55	6297.9253	458.01785	2069.2075	39.7549	55.001	27.9665	37.0427	0.00123045	11.8606	54.4998	97.5	-0.346409	14.8531	107
DATA	1670229836	823914051	11621	0	""	2022-12-05	09:43:56	6293.3716	460.36609	2069.2229	39.7544	55.001	27.9669	37.0427	0.00122227	11.8602	54.4998	-54	-0.346409	14.8531	 30
DATA	1670229837	823914051	11625	0	""	2022-12-05	09:43:57	6289.6382	460.9147	2068.9834	39.7532	55.001	27.9685	37.0427	0.00122814	11.8605	54.4998	63.25	-0.346409	14.8531	104
DATA	1670229838	823914051	11629	0	""	2022-12-05	09:43:58	6285.5586	458.58331	2068.658	39.754	55.001	27.9677	37.0427	0.00121333	11.8602	54.4998	-92.75	-0.346409	14.8527	113
DATA	1670229839	823914051	11633	0	""	2022-12-05	09:43:59	6281.4888	458.28149	2069.3325	39.754	55.001	27.9677	37.0427	0.00121401	11.8602	54.4998	164.25	-0.346409	14.8531	146
