Time Stamp,Inlet Number,P (mbars),T0 (degC),T1 (degC),T2 (degC),T5 (degC),Tgas(degC),CH4 (ppm),H2O (ppm),C2H6 (ppb),R,C2/C1,Battery Charge (V),Power Input (mV),Current (mA),SOC (%),TEC Sink Temp (degC),Wall Code,Latitude,Longitude
03/07/2024 11:05:00.477,1,239.994,40.8427,40.8565,2.2832,55.8134,40.8427,2.07284,7234.93,7.75724,0.142368,-1,12151,11136,-27,100,15.148,1023,No Data,No Data
03/07/2024 11:05:01.470,1,240.003,40.8432,40.8574,2.2546,55.8134,40.8432,2.07476,7231.35,7.8505,0.0417336,-1,12182,11072,-128,100,15.151,1023,No Data,No Data
03/07/2024 11:05:02.662,1,239.984,40.8448,40.8567,2.2443,55.8134,40.8448,2.07434,7233.8,7.78733,0.0486869,-1,12171,11008,-21,100,15.154,1023,No Data,No Data
03/07/2024 11:05:03.655,1,239.995,40.8427,40.8564,2.2550,55.8134,40.8427,2.07179,7236.35,7.90251,0.0507595,-1,12181,11008,-138,100,15.155,1023,No Data,No Data
03/07/2024 11:05:04.648,1,239.99,40.8432,40.8561,2.1931,55.8134,40.8432,2.0754,7236.93,8.12339,0.113655,-1,12160,11008,-24,100,15.157,1023,No Data,No Data
03/07/2024 11:05:05.642,1,239.983,40.8452,40.8565,2.1705,55.8134,40.8452,2.07322,7235.67,7.72863,0.0342256,-1,12172,11072,-132,100,15.161,1023,No Data,No Data
03/07/2024 11:05:06.635,1,240.009,40.8461,40.8571,2.1170,55.8134,40.8461,2.07386,7229.53,7.8911,0.0299579,-1,12162,11136,-27,100,15.164,1023,No Data,No Data
03/07/2024 11:05:07.628,1,239.98,40.8485,40.8571,2.0118,55.8134,40.8485,2.07278,7232.57,7.82414,0.0281129,-1,12179,11072,-100,100,15.165,1023,No Data,No Data
03/07/2024 11:05:08.622,1,240.007,40.8469,40.8572,1.9047,55.8134,40.8469,2.07653,7230.23,7.8335,0.0024762,-1,12155,11008,-36,100,15.167,1023,No Data,No Data
03/07/2024 11:05:09.615,1,239.987,40.8421,40.8568,1.8508,55.8134,40.8421,2.07344,7228.12,7.78025,-0.0308562,-1,12153,11136,-153,100,15.170,1023,No Data,No Data
03/07/2024 11:05:10.608,1,240.016,40.8480,40.8573,1.8870,55.8134,40.8480,2.07631,7220.49,7.58249,-0.0924558,-1,12170,11072,-19,100,15.171,1023,No Data,No Data
03/07/2024 11:05:11.601,1,239.979,40.8471,40.8577,1.9688,55.8134,40.8471,2.07339,7227.18,7.77046,-0.0504502,-1,12182,11456,-135,100,15.170,1023,No Data,No Data
03/07/2024 11:05:12.793,1,240.026,40.8460,40.8571,2.0831,55.8134,40.8460,2.07391,7220.65,7.79284,-0.0444681,-1,12182,11200,-20,100,15.170,1023,No Data,No Data
03/07/2024 11:05:13.787,1,240.001,40.8444,40.8571,2.1746,55.8134,40.8444,2.074,7222.09,7.91146,-0.0355928,-1,12160,11072,-143,100,15.169,1023,No Data,No Data
03/07/2024 11:05:14.780,1,239.987,40.8478,40.8578,2.2479,55.8134,40.8478,2.07241,7226.3,7.82296,-0.0220742,-1,12154,11008,-116,100,15.171,1023,No Data,No Data
03/07/2024 11:05:15.773,1,240.012,40.8468,40.8578,2.3081,55.8134,40.8468,2.07409,7223.77,7.89199,-0.0218146,-1,12181,11008,-63,100,15.171,1023,No Data,No Data
03/07/2024 11:05:16.766,1,240.003,40.8465,40.8565,2.3990,55.8134,40.8465,2.07389,7221.2,8.19702,-0.0407059,-1,12157,11008,-78,100,15.174,1023,No Data,No Data
03/07/2024 11:05:17.760,1,240.011,40.8490,40.8563,2.5346,55.8134,40.8490,2.07577,7216.8,7.73629,-0.0815805,-1,12168,11136,-141,100,15.176,1023,No Data,No Data
03/07/2024 11:05:18.753,1,240,40.8495,40.8568,2.5360,55.8232,40.8495,2.07529,7215.34,7.84626,-0.0788084,-1,12166,11264,-30,100,15.180,1023,No Data,No Data
03/07/2024 11:05:19.746,1,239.991,40.8529,40.8568,2.4993,55.8329,40.8529,2.07349,7212.86,7.80063,-0.0719444,-1,12181,11008,-149,100,15.184,1023,No Data,No Data
03/07/2024 11:05:20.740,1,239.978,40.8532,40.8578,2.4152,55.8134,40.8532,2.0733,7222.58,7.92178,-0.0821445,-1,12181,11008,-25,100,15.187,1023,No Data,No Data
03/07/2024 11:05:21.733,1,240.018,40.8516,40.8566,2.3462,55.8134,40.8516,2.07391,7215.54,7.87541,-0.0407606,-1,12157,11200,-129,100,15.189,1023,No Data,No Data
03/07/2024 11:05:22.825,1,239.998,40.8511,40.8571,2.3436,55.8232,40.8511,2.07355,7221.31,8.02069,-0.0506224,-1,12168,11008,-59,100,15.193,1023,No Data,No Data
03/07/2024 11:05:23.819,1,240.003,40.8532,40.8568,2.4009,55.8329,40.8532,2.0741,7221.09,7.83651,-0.0590886,-1,12156,11072,-101,100,15.195,1023,No Data,No Data
03/07/2024 11:05:24.812,1,239.995,40.8529,40.8571,2.4776,55.8232,40.8529,2.07301,7219.63,7.84554,-0.0489472,-1,12156,11072,-101,100,15.197,1023,No Data,No Data
03/07/2024 11:05:25.805,1,239.989,40.8527,40.8569,2.5542,55.8525,40.8527,2.07307,7225.65,7.98211,-0.0739824,-1,12181,11072,-87,100,15.199,1023,No Data,No Data
03/07/2024 11:05:26.799,1,239.998,40.8512,40.8570,2.6311,55.8329,40.8512,2.0741,7223.04,7.94486,-0.064023,-1,12149,11136,-46,100,15.199,1023,No Data,No Data
03/07/2024 11:05:27.792,1,240.017,40.8503,40.8580,2.6857,55.8134,40.8503,2.07359,7220.05,7.92165,-0.176092,-1,12156,11072,-144,100,15.200,1023,No Data,No Data
03/07/2024 11:05:28.785,1,239.995,40.8494,40.8574,2.7317,55.8329,40.8494,2.07322,7217.77,7.9605,-0.157637,-1,12169,11008,-17,100,15.201,1023,No Data,No Data
03/07/2024 11:05:29.778,1,239.994,40.8536,40.8572,2.8282,55.8427,40.8536,2.07469,7220.28,7.81304,-0.164474,-1,12179,11072,-154,100,15.203,1023,No Data,No Data
03/07/2024 11:05:30.772,1,240.01,40.8511,40.8570,2.9190,55.8427,40.8511,2.07506,7215.98,7.77927,-0.223289,-1,12182,11072,-22,100,15.200,1023,No Data,No Data
03/07/2024 11:05:31.765,1,239.993,40.8541,40.8568,2.9604,55.8329,40.8541,2.07387,7217.23,7.95134,-0.222585,-1,12160,11072,-127,100,15.199,1023,No Data,No Data
03/07/2024 11:05:32.957,1,240.01,40.8521,40.8563,2.9693,55.8720,40.8521,2.07357,7216.31,7.9005,-0.218879,-1,12166,11136,-42,100,15.200,1023,No Data,No Data
03/07/2024 11:05:33.950,1,239.99,40.8516,40.8571,2.9441,55.8915,40.8516,2.074,7219.67,8.01364,-0.213287,-1,12149,11200,-89,100,15.203,1023,No Data,No Data
03/07/2024 11:05:34.943,1,240.01,40.8534,40.8570,2.9355,55.8818,40.8534,2.07591,7221.2,7.81437,-0.358331,-1,12180,11072,-87,100,15.208,1023,No Data,No Data
03/07/2024 11:05:35.937,1,239.994,40.8545,40.8571,2.9581,55.8525,40.8545,2.07451,7225.72,7.99131,-0.384764,-1,12157,11072,-60,100,15.212,1023,No Data,No Data
03/07/2024 11:05:36.930,1,240.003,40.8520,40.8562,2.9735,55.9013,40.8520,2.073,7227.48,8.0125,-0.410094,-1,12164,11200,-33,100,15.215,1023,No Data,No Data
03/07/2024 11:05:37.923,1,239.993,40.8557,40.8564,2.9860,55.9111,40.8557,2.07303,7229.99,7.93878,-0.452635,-1,12182,11008,-137,100,15.219,1023,No Data,No Data
03/07/2024 11:05:38.917,1,240.02,40.8573,40.8574,3.0276,55.9013,40.8573,2.07391,7225.69,8.03904,-0.456683,-1,12177,11008,-68,100,15.223,1023,No Data,No Data
03/07/2024 11:05:39.910,1,240.003,40.8554,40.8571,3.0633,55.9111,40.8554,2.07422,7229.13,8.07985,-0.453551,-1,12168,11008,-62,100,15.227,1023,No Data,No Data
03/07/2024 11:05:40.903,1,240.009,40.8550,40.8575,3.0945,55.9111,40.8550,2.07423,7228.24,8.03893,-0.261267,-1,12163,11072,-80,100,15.230,1023,No Data,No Data
03/07/2024 11:05:41.896,1,240,40.8522,40.8571,3.0610,55.9111,40.8522,2.07579,7228.88,7.91482,-0.286241,-1,12151,11072,-54,100,15.234,1023,No Data,No Data
03/07/2024 11:05:42.890,1,240,40.8509,40.8567,3.0248,55.9111,40.8509,2.07452,7235.23,8.1374,-0.239936,-1,12175,11008,-86,100,15.235,1023,No Data,No Data
03/07/2024 11:05:43.883,1,240.008,40.8489,40.8575,3.0123,55.9111,40.8489,2.07589,7231.92,7.95819,-0.207981,-1,12180,11008,-23,100,15.237,1023,No Data,No Data
03/07/2024 11:05:44.876,1,239.996,40.8526,40.8587,3.0218,55.9111,40.8526,2.07741,7236.74,7.63997,-0.474097,-1,12181,11200,-149,100,15.239,1023,No Data,No Data
03/07/2024 11:05:46.068,1,239.993,40.8520,40.8574,3.0510,55.9111,40.8520,2.07372,7241.05,7.78259,-0.442521,-1,12160,11008,-10,100,15.242,1023,No Data,No Data
03/07/2024 11:05:47.062,1,239.992,40.8535,40.8564,3.0679,55.9111,40.8535,2.07335,7243.62,8.01324,-0.47326,-1,12153,11008,-125,100,15.244,1023,No Data,No Data
03/07/2024 11:05:48.055,1,240.014,40.8512,40.8569,3.0823,55.9111,40.8512,2.07217,7240.29,7.88157,-0.376828,-1,12148,11136,-8,100,15.246,1023,No Data,No Data
03/07/2024 11:05:49.048,1,239.995,40.8597,40.8571,3.0948,55.9111,40.8597,2.07431,7233.87,7.94029,-0.358782,-1,12181,11072,-126,100,15.247,1023,No Data,No Data
03/07/2024 11:05:50.041,1,239.982,40.8528,40.8566,3.1144,55.9111,40.8528,2.07324,7247.52,7.97363,-0.400067,-1,12181,11072,-126,100,15.247,1023,No Data,No Data
03/07/2024 11:05:51.035,1,240.03,40.8523,40.8569,3.1417,55.9111,40.8523,2.07309,7235.31,7.86065,-0.376176,-1,12176,11072,-2,100,15.250,1023,No Data,No Data
03/07/2024 11:05:52.028,1,239.978,40.8555,40.8564,3.1779,55.9111,40.8555,2.07208,7241,8.13674,-0.447932,-1,12168,11072,-118,100,15.252,1023,No Data,No Data
03/07/2024 11:05:53.121,1,240.01,40.8517,40.8575,3.1412,55.9111,40.8517,2.07399,7244.11,7.89207,-0.441515,-1,12158,11072,-4,100,15.253,1023,No Data,No Data
03/07/2024 11:05:54.114,1,239.997,40.8523,40.8564,3.0628,55.9111,40.8523,2.07359,7246.62,8.03055,-0.449757,-1,12164,11072,-159,100,15.253,1023,No Data,No Data
03/07/2024 11:05:55.107,1,240.014,40.8542,40.8564,2.9948,55.9111,40.8542,2.07442,7239.19,7.96622,-0.485814,-1,12170,11200,-24,100,15.255,1023,No Data,No Data
03/07/2024 11:05:56.100,1,239.995,40.8547,40.8564,2.9514,55.9111,40.8547,2.07585,7246.72,8.003,-0.432547,-1,12176,11200,-84,100,15.258,1023,No Data,No Data
03/07/2024 11:05:57.094,1,240.012,40.8567,40.8570,2.9120,55.9111,40.8567,2.07535,7242.2,8.00609,-0.403376,-1,12169,11200,-18,100,15.260,1023,No Data,No Data
03/07/2024 11:05:58.087,1,239.988,40.8546,40.8571,2.9008,55.9111,40.8546,2.07469,7250.25,7.8422,-0.415215,-1,12154,11008,1,100,15.260,1023,No Data,No Data
03/07/2024 11:05:59.080,1,240.014,40.8529,40.8576,2.9455,55.9111,40.8529,2.07435,7252.36,7.90058,-0.416087,-1,12160,11008,-135,100,15.262,1023,No Data,No Data
03/07/2024 11:06:00.073,1,239.996,40.8544,40.8570,3.0292,55.9111,40.8544,2.07527,7252.14,7.88948,-0.419917,-1,12159,11072,2,100,15.263,1023,No Data,No Data
03/07/2024 11:06:01.067,1,239.997,40.8557,40.8569,3.1086,55.9111,40.8557,2.07569,7251.04,8.02401,-0.362772,-1,12180,11072,-144,100,15.266,1023,No Data,No Data
03/07/2024 11:06:02.060,1,240.005,40.8554,40.8575,3.1756,55.9111,40.8554,2.07528,7249.34,7.96611,-0.356318,-1,12177,11072,4,100,15.268,1023,No Data,No Data
03/07/2024 11:06:03.053,1,239.981,40.8543,40.8581,3.2084,55.9111,40.8543,2.07444,7250.27,8.18675,-0.341249,-1,12181,11072,-157,100,15.270,1023,No Data,No Data
03/07/2024 11:06:04.047,1,240.016,40.8543,40.8579,3.2348,55.9111,40.8543,2.07469,7244.64,8.05888,-0.326101,-1,12153,11008,-1,100,15.272,1023,No Data,No Data
03/07/2024 11:06:05.040,1,239.986,40.8551,40.8587,3.2489,55.9111,40.8551,2.07437,7246.65,7.9751,-0.28359,-1,12161,11136,-164,100,15.273,1023,No Data,No Data
03/07/2024 11:06:06.033,1,239.997,40.8569,40.8570,3.1913,55.9111,40.8569,2.07323,7246.55,7.96438,-0.279424,-1,12159,11072,-5,100,15.275,1023,No Data,No Data
03/07/2024 11:06:07.026,1,240.004,40.8588,40.8578,3.1297,55.9111,40.8588,2.07419,7244.7,8.1392,-0.266853,-1,12181,11072,-159,100,15.278,1023,No Data,No Data
03/07/2024 11:06:08.020,1,239.994,40.8553,40.8571,3.0526,55.9111,40.8553,2.07248,7252.36,7.98542,-0.278733,-1,12174,11072,0,100,15.280,1023,No Data,No Data
03/07/2024 11:06:09.013,1,239.994,40.8576,40.8570,2.9311,55.9111,40.8576,2.07332,7261.12,8.21229,-0.308513,-1,12176,11072,-162,100,15.281,1023,No Data,No Data
03/07/2024 11:06:10.006,1,240.024,40.8585,40.8572,2.8060,55.9111,40.8585,2.07365,7253.5,7.98943,-0.310626,-1,12152,11200,-25,100,15.283,1023,No Data,No Data
03/07/2024 11:06:11.000,1,239.988,40.8568,40.8573,2.7202,55.9111,40.8568,2.0745,7252.9,7.98932,-0.310271,-1,12152,11200,-25,100,15.285,1023,No Data,No Data
03/07/2024 11:06:11.993,1,239.986,40.8613,40.8583,2.6278,55.9111,40.8613,2.07335,7259.56,7.62915,-0.193562,-1,12163,11072,-112,100,15.286,1023,No Data,No Data
03/07/2024 11:06:13.085,1,240.018,40.8625,40.8572,2.5837,55.9111,40.8625,2.07475,7249.31,7.84073,-0.222124,-1,12173,11136,-27,100,15.288,1023,No Data,No Data
03/07/2024 11:06:14.079,1,239.984,40.8614,40.8573,2.5833,55.9111,40.8614,2.07372,7256.58,8.02943,-0.236785,-1,12176,11136,-110,100,15.292,1023,No Data,No Data
03/07/2024 11:06:15.072,1,240.005,40.8582,40.8564,2.5464,55.9111,40.8582,2.07362,7254.12,7.72545,0.0359286,-1,12168,11136,-22,100,15.292,1023,No Data,No Data
03/07/2024 11:06:16.065,1,240.004,40.8583,40.8570,2.5069,55.9111,40.8583,2.07424,7254.49,8.15676,0.0307695,-1,12156,11072,-106,100,15.293,1023,No Data,No Data
03/07/2024 11:06:17.059,1,239.998,40.8622,40.8564,2.5689,55.9111,40.8622,2.07442,7251.28,8.05438,0.0467327,-1,12157,11072,-25,100,15.295,1023,No Data,No Data
03/07/2024 11:06:18.052,1,240.007,40.8630,40.8572,2.6500,55.9111,40.8630,2.07505,7248.2,7.98005,-0.00504609,-1,12169,11008,-139,100,15.296,1023,No Data,No Data
03/07/2024 11:06:19.045,1,240.004,40.8554,40.8571,2.6438,55.9111,40.8554,2.0754,7243.35,8.27951,0.0926772,-1,12176,11072,-141,100,15.298,1023,No Data,No Data
03/07/2024 11:06:20.038,1,239.998,40.8577,40.8569,2.6186,55.9111,40.8577,2.07512,7241.94,8.19047,0.130304,-1,12170,11136,-24,100,15.301,1023,No Data,No Data
03/07/2024 11:06:21.032,1,240.005,40.8575,40.8572,2.6460,55.9111,40.8575,2.07605,7240.86,7.86097,0.0243862,-1,12159,11008,-113,100,15.305,1023,No Data,No Data
03/07/2024 11:06:22.025,1,239.982,40.8564,40.8577,2.6490,55.9111,40.8564,2.07387,7245.87,8.03694,0.115694,-1,12157,11008,-20,100,15.307,1023,No Data,No Data
03/07/2024 11:06:23.018,1,240.003,40.8578,40.8574,2.6993,55.9111,40.8578,2.0737,7248.1,8.04638,0.0921222,-1,12173,11200,-118,100,15.310,1023,No Data,No Data
03/07/2024 11:06:24.012,1,240,40.8638,40.8573,2.7064,55.9111,40.8638,2.07264,7248.19,8.07287,0.058682,-1,12179,11008,-17,100,15.312,1023,No Data,No Data
03/07/2024 11:06:25.005,1,239.998,40.8619,40.8576,2.6671,55.9111,40.8619,2.07481,7246.05,8.15315,0.0742299,-1,12174,11008,-121,100,15.314,1023,No Data,No Data
03/07/2024 11:06:25.998,1,240.014,40.8552,40.8574,2.6052,55.9111,40.8552,2.07311,7240.29,7.82608,0.131235,-1,12168,11072,-15,100,15.316,1023,No Data,No Data
03/07/2024 11:06:26.991,1,239.99,40.8571,40.8573,2.5750,55.9111,40.8571,2.07402,7245.63,7.77082,0.142189,-1,12159,11072,-139,100,15.317,1023,No Data,No Data
03/07/2024 11:06:27.985,1,239.998,40.8553,40.8584,2.5346,55.9111,40.8553,2.07469,7239.56,7.91776,0.1522,-1,12149,11072,-17,100,15.320,1023,No Data,No Data
03/07/2024 11:06:28.978,1,239.986,40.8577,40.8572,2.4607,55.9111,40.8577,2.0744,7236.67,7.96266,0.154076,-1,12167,11200,-141,100,15.323,1023,No Data,No Data
03/07/2024 11:06:29.971,1,239.982,40.8629,40.8577,2.4083,55.9111,40.8629,2.07403,7238.35,7.84606,0.194332,-1,12179,11136,-24,100,15.326,1023,No Data,No Data
03/07/2024 11:06:30.964,1,239.989,40.8646,40.8573,2.3297,55.9111,40.8646,2.07283,7244.71,7.86972,0.226292,-1,12168,11136,-124,100,15.328,1023,No Data,No Data
03/07/2024 11:06:31.958,1,240.004,40.8629,40.8578,2.3090,55.9111,40.8629,2.07304,7240.14,7.92431,0.253287,-1,12168,11136,-124,100,15.329,1023,No Data,No Data
03/07/2024 11:06:32.951,1,239.992,40.8630,40.8579,2.3226,55.9111,40.8630,2.07309,7244.83,7.89929,0.255216,-1,12156,11200,-36,100,15.329,1023,No Data,No Data
03/07/2024 11:06:33.944,1,240.001,40.8626,40.8573,2.3598,55.9111,40.8626,2.0731,7242.5,8.02463,0.228405,-1,12154,11072,-107,100,15.329,1023,No Data,No Data
03/07/2024 11:06:34.938,1,240.009,40.8602,40.8573,2.4394,55.9111,40.8602,2.07253,7245.39,8.1188,0.167758,-1,12173,11008,-61,100,15.333,1023,No Data,No Data
03/07/2024 11:06:35.931,1,240.005,40.8664,40.8580,2.5216,55.9111,40.8664,2.07197,7245.87,7.7819,0.23841,-1,12181,11008,-83,100,15.335,1023,No Data,No Data
03/07/2024 11:06:36.924,1,240.009,40.8639,40.8571,2.5773,55.9111,40.8639,2.07165,7241.09,8.15004,0.12716,-1,12179,11072,-45,100,15.336,1023,No Data,No Data
03/07/2024 11:06:37.917,1,240.012,40.8596,40.8578,2.6610,55.9111,40.8596,2.07448,7238.75,8.08788,0.146415,-1,12163,11136,-106,100,15.335,1023,No Data,No Data
03/07/2024 11:06:38.911,1,239.997,40.8592,40.8583,2.7390,55.9111,40.8592,2.07386,7240.07,8.28431,0.169585,-1,12151,11072,-56,100,15.334,1023,No Data,No Data
03/07/2024 11:06:39.904,1,240.007,40.8638,40.8569,2.7943,55.9111,40.8638,2.07418,7235.62,7.95562,0.167825,-1,12156,11072,-110,100,15.331,1023,No Data,No Data
03/07/2024 11:06:40.897,1,239.986,40.8600,40.8575,2.8149,55.9111,40.8600,2.07511,7243.78,7.98327,0.164142,-1,12182,10944,-76,100,15.332,1023,No Data,No Data
03/07/2024 11:06:41.891,1,240.01,40.8612,40.8577,2.8280,55.9111,40.8612,2.07136,7245.57,7.86675,0.186758,-1,12179,11008,-59,100,15.333,1023,No Data,No Data
03/07/2024 11:06:42.884,1,240.008,40.8614,40.8571,2.8345,55.9111,40.8614,2.07259,7245.15,8.119,0.186145,-1,12175,10944,-81,100,15.336,1019,No Data,No Data
03/07/2024 11:06:43.976,1,239.979,40.8663,40.8577,2.7964,55.9306,40.8663,2.07141,7247.07,7.74532,0.272261,-1,12155,11008,-77,100,15.339,1019,No Data,No Data
03/07/2024 11:06:44.970,1,240.01,40.8698,40.8567,2.8041,55.9111,40.8698,2.07342,7239.33,7.98253,0.285012,-1,12157,11008,-65,100,15.341,1019,No Data,No Data
03/07/2024 11:06:45.963,1,239.982,40.8655,40.8578,2.8864,55.9111,40.8655,2.07191,7244.76,8.10291,0.22643,-1,12155,11072,-66,100,15.345,1019,No Data,No Data
03/07/2024 11:06:46.956,1,239.976,40.8683,40.8579,2.9832,55.9111,40.8683,2.06943,7248.08,8.10627,0.112337,-1,12178,11008,-78,100,15.346,1019,No Data,No Data
03/07/2024 11:06:47.950,1,239.998,40.8721,40.8576,3.0665,55.9306,40.8721,2.07273,7248.23,8.13551,0.103864,-1,12179,11136,-48,100,15.347,1019,No Data,No Data
03/07/2024 11:06:48.943,1,240,40.8719,40.8580,3.1006,55.9111,40.8719,2.07306,7250.35,8.22732,-0.00060159,-1,12178,11136,-118,100,15.348,1019,No Data,No Data
03/07/2024 11:06:49.936,1,239.986,40.8705,40.8585,3.0600,55.9111,40.8705,2.07307,7250.78,8.14105,-0.0703447,-1,12150,11072,-18,100,15.350,1019,No Data,No Data
03/07/2024 11:06:50.929,1,240.011,40.8713,40.8577,3.0260,55.9404,40.8713,2.07425,7248.42,7.92524,-0.0124315,-1,12171,11008,-154,100,15.352,1019,No Data,No Data
03/07/2024 11:06:51.923,1,239.973,40.8701,40.8577,3.0526,55.9209,40.8701,2.07252,7248.9,8.02978,-0.0211015,-1,12171,11008,-154,100,15.354,1019,No Data,No Data
03/07/2024 11:06:52.916,1,240.003,40.8742,40.8575,3.1200,55.9306,40.8742,2.07105,7257.25,7.96132,-0.0108823,-1,12164,11072,-18,100,15.355,1019,No Data,No Data
03/07/2024 11:06:54.009,1,240.022,40.8710,40.8583,3.1715,55.9111,40.8710,2.07301,7249.07,7.80442,-0.00494295,-1,12168,11072,-128,100,15.359,1019,No Data,No Data
03/07/2024 11:06:55.002,1,239.984,40.8747,40.8585,3.2001,55.9111,40.8747,2.06903,7262.46,8.05186,-0.100274,-1,12162,11200,-31,100,15.362,1019,No Data,No Data
03/07/2024 11:06:55.995,1,240.009,40.8746,40.8573,3.2342,55.9111,40.8746,2.07229,7256.77,7.98669,-0.0937028,-1,12159,11008,-83,100,15.365,1019,No Data,No Data
03/07/2024 11:06:56.988,1,239.999,40.8696,40.8578,3.2696,55.9111,40.8696,2.07404,7261.87,7.87708,-0.0738297,-1,12177,11008,-60,100,15.365,1019,No Data,No Data
03/07/2024 11:06:57.982,1,240,40.8748,40.8572,3.2891,55.9111,40.8748,2.07172,7259.3,8.04001,-0.0551221,-1,12183,11072,-65,100,15.367,1019,No Data,No Data
03/07/2024 11:06:58.975,1,240.011,40.8745,40.8575,3.2516,55.9502,40.8745,2.07118,7265.2,7.99938,-0.0429589,-1,12180,11072,-106,100,15.368,1019,No Data,No Data
03/07/2024 11:06:59.968,1,240.018,40.8733,40.8571,3.1892,55.9404,40.8733,2.07245,7260.38,8.04526,-0.00050052,-1,12145,11072,-43,100,15.370,1019,No Data,No Data
03/07/2024 11:07:00.962,1,239.987,40.8740,40.8576,3.1049,55.9893,40.8740,2.07105,7271.51,7.96222,0.0215761,-1,12165,11008,-111,100,15.372,1019,No Data,No Data
03/07/2024 11:07:01.955,1,240.025,40.8762,40.8571,2.9769,55.9404,40.8762,2.07582,7270.77,7.922,-0.0249649,-1,12151,11136,-40,100,15.374,1019,No Data,No Data
03/07/2024 11:07:02.948,1,239.995,40.8802,40.8565,2.8481,55.9599,40.8802,2.07155,7276.71,8.10895,-0.0310244,-1,12178,11072,-38,100,15.377,1019,No Data,No Data
03/07/2024 11:07:04.041,1,240.017,40.8801,40.8569,2.7596,55.9404,40.8801,2.07405,7275.19,7.96731,-0.0444832,-1,12182,11072,-133,100,15.380,1019,No Data,No Data
03/07/2024 11:07:05.034,1,240.002,40.8791,40.8572,2.6963,55.9599,40.8791,2.0709,7279.51,7.94862,-0.0255218,-1,12145,11392,-29,100,15.381,1019,No Data,No Data
03/07/2024 11:07:06.027,1,239.997,40.8784,40.8574,2.6810,55.9697,40.8784,2.07085,7286.13,7.98199,-0.0393563,-1,12163,11392,-135,100,15.382,1019,No Data,No Data
03/07/2024 11:07:07.021,1,240.036,40.8784,40.8566,2.7284,55.9697,40.8784,2.07351,7273.8,7.89639,-0.0398618,-1,12153,11072,-21,100,15.383,1019,No Data,No Data
03/07/2024 11:07:08.014,1,239.967,40.8762,40.8570,2.7101,55.9795,40.8762,2.06983,7285.05,8.04826,-0.088262,-1,12179,11136,-144,100,15.386,1019,No Data,No Data
03/07/2024 11:07:09.007,1,239.989,40.8850,40.8571,2.5165,55.9599,40.8850,2.06884,7289.18,7.86557,-0.0874661,-1,12174,11072,-16,100,15.387,1019,No Data,No Data
03/07/2024 11:07:10.000,1,240.02,40.8745,40.8571,2.2884,55.9697,40.8745,2.07195,7286.22,7.86035,-0.068593,-1,12179,11200,-150,100,15.390,1019,No Data,No Data
03/07/2024 11:07:10.994,1,239.978,40.8780,40.8567,2.1614,55.9306,40.8780,2.06996,7282.82,7.88051,-0.0242799,-1,12151,11008,-22,100,15.394,1019,No Data,No Data
03/07/2024 11:07:11.987,1,240.02,40.8783,40.8571,2.0867,55.9795,40.8783,2.07234,7281.02,7.83198,-0.0484378,-1,12168,11008,-46,100,15.397,1019,No Data,No Data
03/07/2024 11:07:12.980,1,240.005,40.8783,40.8579,2.0484,55.9893,40.8783,2.07471,7270.65,7.97957,-0.0633137,-1,12156,11072,-89,100,15.399,1019,No Data,No Data
03/07/2024 11:07:14.172,1,239.962,40.8715,40.8574,1.9484,55.9697,40.8715,2.06991,7280.42,8.1361,-0.154398,-1,12176,10944,-55,100,15.400,1019,No Data,No Data
03/07/2024 11:07:15.165,1,240.007,40.8749,40.8573,1.8112,55.9990,40.8749,2.0714,7274.92,7.82027,-0.128828,-1,12161,11136,-54,100,15.403,1019,No Data,No Data
03/07/2024 11:07:16.159,1,240.009,40.8719,40.8574,1.8115,55.9795,40.8719,2.07186,7273.84,7.70457,-0.11359,-1,12168,11200,-77,100,15.406,1019,No Data,No Data
03/07/2024 11:07:17.152,1,239.983,40.8748,40.8567,1.8816,55.9947,40.8748,2.06845,7281.73,7.94325,-0.0395264,-1,12155,11008,-68,100,15.407,1019,No Data,No Data
03/07/2024 11:07:18.145,1,240.011,40.8759,40.8572,1.9100,55.9893,40.8759,2.07116,7273.15,7.99333,-0.0689739,-1,12176,11200,-77,100,15.408,1019,No Data,No Data
03/07/2024 11:07:19.139,1,239.993,40.8740,40.8566,1.9553,55.9990,40.8740,2.07078,7276.3,7.81714,-0.109882,-1,12176,11200,-77,100,15.412,1019,No Data,No Data
03/07/2024 11:07:20.132,1,240.005,40.8747,40.8571,1.9669,56.0088,40.8747,2.07155,7268.18,7.85275,-0.163661,-1,12163,11008,-49,100,15.414,1019,No Data,No Data
03/07/2024 11:07:21.125,1,239.986,40.8732,40.8564,2.0544,56.0088,40.8732,2.07087,7266.59,7.86263,-0.146809,-1,12175,11072,-86,100,15.414,1019,No Data,No Data
03/07/2024 11:07:22.118,1,239.996,40.8767,40.8575,2.1784,55.9697,40.8767,2.07296,7264.75,7.64817,-0.215191,-1,12154,11008,-25,100,15.416,1019,No Data,No Data
03/07/2024 11:07:23.112,1,240.003,40.8765,40.8568,2.3669,55.9990,40.8765,2.07363,7267.86,8.0704,-0.153979,-1,12162,11008,-94,100,15.415,1019,No Data,No Data
03/07/2024 11:07:24.204,1,240,40.8787,40.8578,2.5133,56.0088,40.8787,2.07171,7268.79,7.76198,-0.124962,-1,12182,11008,-135,100,15.415,1019,No Data,No Data
03/07/2024 11:07:25.198,1,240.013,40.8806,40.8574,2.5797,56.0088,40.8806,2.07204,7265.5,7.99501,-0.0674782,-1,12180,11136,-20,100,15.419,1019,No Data,No Data
03/07/2024 11:07:26.191,1,239.999,40.8835,40.8573,2.5958,56.0088,40.8835,2.07112,7266.83,8.0842,-0.0887209,-1,12165,11200,-105,100,15.419,1019,No Data,No Data
03/07/2024 11:07:27.184,1,240.01,40.8797,40.8571,2.5464,56.0088,40.8797,2.07078,7264.09,7.83515,-0.0528092,-1,12158,11200,-22,100,15.420,1019,No Data,No Data
03/07/2024 11:07:28.177,1,239.992,40.8781,40.8579,2.5773,56.0088,40.8781,2.07021,7271.52,7.66241,0.00979982,-1,12163,11200,-101,100,15.421,1019,No Data,No Data
03/07/2024 11:07:29.171,1,240.011,40.8824,40.8572,2.6035,56.0088,40.8824,2.07086,7274.76,7.81681,0.0271096,-1,12162,11072,-13,100,15.422,1019,No Data,No Data
03/07/2024 11:07:30.164,1,240,40.8794,40.8565,2.5953,56.0088,40.8794,2.06863,7275.86,7.9624,-0.0197929,-1,12180,11008,-79,100,15.421,1019,No Data,No Data
03/07/2024 11:07:31.157,1,240.014,40.8814,40.8572,2.5863,56.0088,40.8814,2.07113,7269.93,8.16557,-0.0277653,-1,12167,11072,-46,100,15.423,1019,No Data,No Data
03/07/2024 11:07:32.151,1,239.984,40.8797,40.8577,2.5965,56.0088,40.8797,2.07025,7273.36,7.92398,-0.0394426,-1,12179,11008,-55,100,15.426,1019,No Data,No Data
03/07/2024 11:07:33.144,1,239.998,40.8832,40.8570,2.6796,56.0088,40.8832,2.06962,7274.73,7.92184,-0.0546285,-1,12164,11072,-71,100,15.428,1019,No Data,No Data
03/07/2024 11:07:34.336,1,240.008,40.8824,40.8579,2.7943,56.0088,40.8824,2.07186,7277.86,8.01348,-0.0755203,-1,12179,11072,-57,100,15.430,1019,No Data,No Data
03/07/2024 11:07:35.329,1,240.003,40.8814,40.8584,2.9604,56.0088,40.8814,2.07012,7277.93,7.79594,-0.0523126,-1,12149,11072,-87,100,15.427,1019,No Data,No Data
03/07/2024 11:07:36.322,1,239.996,40.8635,40.8577,3.0744,56.0088,40.8635,2.06986,7277.74,7.70891,-0.00601416,-1,12162,11136,-33,100,15.424,1019,No Data,No Data
03/07/2024 11:07:37.316,1,240.012,40.7894,40.8578,3.1304,56.0088,40.7894,2.06904,7272.71,7.73302,0.0469144,-1,12150,11072,-125,100,15.425,1019,No Data,No Data
03/07/2024 11:07:38.309,1,239.99,40.7892,40.8570,3.1526,56.0088,40.7892,2.06987,7272.7,8.09098,0.0399397,-1,12175,11072,-26,100,15.425,1019,No Data,No Data
03/07/2024 11:07:39.302,1,240.005,40.7925,40.8583,3.1343,56.0088,40.7925,2.06653,7275.68,7.97168,-0.0258534,-1,12180,11200,-126,100,15.425,1019,No Data,No Data
03/07/2024 11:07:40.295,1,240.006,40.7906,40.8571,3.1659,56.0088,40.7906,2.06857,7276.86,7.71661,0.0379529,-1,12177,11200,-23,100,15.426,1019,No Data,No Data
03/07/2024 11:07:41.289,1,239.994,40.7876,40.8574,3.1770,56.0088,40.7876,2.06687,7281.73,7.864,0.0473158,-1,12177,11200,-23,100,15.430,1019,No Data,No Data
03/07/2024 11:07:42.282,1,239.996,40.7812,40.8570,3.1336,56.0088,40.7812,2.06781,7278.08,7.84948,0.0747003,-1,12169,11200,-86,100,15.433,1019,No Data,No Data
03/07/2024 11:07:43.275,1,239.994,40.7883,40.8571,3.0640,56.0088,40.7883,2.06728,7281.17,7.82232,0.0506814,-1,12158,11072,-29,100,15.434,1019,No Data,No Data
03/07/2024 11:07:44.269,1,240.004,40.7889,40.8571,2.9997,56.0088,40.7889,2.07036,7280.44,7.96913,0.0672024,-1,12157,11072,-12,100,15.434,1019,No Data,No Data
03/07/2024 11:07:45.262,1,239.992,40.7911,40.8577,2.9311,56.0088,40.7911,2.07074,7276.93,7.95251,0.0835752,-1,12147,11008,-150,100,15.437,1019,No Data,No Data
03/07/2024 11:07:46.454,1,240.021,40.7889,40.8580,2.9081,56.0088,40.7889,2.07079,7276.8,7.77542,0.122377,-1,12163,11072,-9,100,15.444,1019,No Data,No Data
03/07/2024 11:07:47.447,1,239.988,40.7876,40.8580,2.8446,56.0088,40.7876,2.06735,7279.24,8.16018,0.0179894,-1,12178,11008,-161,100,15.448,1019,No Data,No Data
03/07/2024 11:07:48.440,1,239.988,40.7878,40.8575,2.7632,56.0088,40.7878,2.06604,7281.9,8.0269,-0.0662528,-1,12180,11008,-4,100,15.448,1019,No Data,No Data
03/07/2024 11:07:49.434,1,240.001,40.7872,40.8577,2.6744,56.0088,40.7872,2.07005,7280.74,7.82276,-0.0591585,-1,12182,11072,-138,100,15.452,1019,No Data,No Data
03/07/2024 11:07:50.427,1,239.999,40.7879,40.8577,2.5948,56.0088,40.7879,2.06725,7280.05,7.8494,-0.0341965,-1,12150,11008,-9,100,15.455,1019,No Data,No Data
03/07/2024 11:07:51.420,1,239.994,40.7896,40.8576,2.5124,56.0088,40.7896,2.06775,7279.66,7.98198,-0.0501897,-1,12147,11008,-133,100,15.456,1019,No Data,No Data
03/07/2024 11:07:52.413,1,240.013,40.7886,40.8583,2.4550,56.0088,40.7886,2.07031,7276.63,8.18848,0.0820528,-1,12156,11072,-36,100,15.458,1019,No Data,No Data
03/07/2024 11:07:53.407,1,239.988,40.7895,40.8575,2.4555,56.0088,40.7895,2.06941,7281.66,7.94448,-0.000871523,-1,12171,11072,-123,100,15.462,1019,No Data,No Data
03/07/2024 11:07:54.400,1,239.991,40.7918,40.8575,2.5081,56.0088,40.7918,2.06801,7286.51,7.80917,0.072551,-1,12180,11200,-78,100,15.465,1019,No Data,No Data
03/07/2024 11:07:55.393,1,239.999,40.7928,40.8587,2.5646,56.0088,40.7928,2.06757,7286.08,8.15398,-0.0198149,-1,12178,11072,-83,100,15.468,1019,No Data,No Data
03/07/2024 11:07:56.387,1,240.006,40.7957,40.8571,2.6200,56.0088,40.7957,2.06828,7282.19,7.98669,-0.0802809,-1,12161,11072,-50,100,15.472,1019,No Data,No Data
03/07/2024 11:07:57.380,1,240.009,40.7962,40.8583,2.6892,56.0088,40.7962,2.06898,7286.21,8.0275,-0.0610692,-1,12153,11008,-79,100,15.477,1019,No Data,No Data
03/07/2024 11:07:58.373,1,240,40.8010,40.8578,2.7510,56.0088,40.8010,2.06915,7281.7,8.06212,-0.00998784,-1,12164,11008,-89,100,15.478,1019,No Data,No Data
03/07/2024 11:07:59.366,1,239.986,40.7973,40.8581,2.7317,56.0088,40.7973,2.06868,7285.82,7.97041,0.0272426,-1,12155,11008,-4,100,15.479,1011,No Data,No Data
03/07/2024 11:08:00.360,1,239.994,40.7944,40.8587,2.6645,56.0088,40.7944,2.07101,7285.09,8.16581,0.0980187,-1,12170,10944,-101,100,15.480,1011,No Data,No Data
03/07/2024 11:08:01.353,1,240.007,40.7899,40.8572,2.6200,56.0088,40.7899,2.06948,7287.86,7.81552,0.0125784,-1,12176,11392,-45,100,15.480,1011,No Data,No Data
03/07/2024 11:08:02.346,1,239.995,40.7951,40.8572,2.6215,56.0088,40.7951,2.06856,7289.82,8.05467,0.00820414,-1,12173,11072,-89,100,15.482,1011,No Data,No Data
03/07/2024 11:08:03.340,1,240.013,40.7968,40.8574,2.7040,56.0088,40.7968,2.068,7289.91,7.89125,0.017596,-1,12161,11008,-34,100,15.483,1011,No Data,No Data
03/07/2024 11:08:04.333,1,239.997,40.7932,40.8573,2.8448,56.0088,40.7932,2.06783,7293.57,7.83295,-0.00650479,-1,12161,11008,-34,100,15.483,1011,No Data,No Data
03/07/2024 11:08:05.326,1,239.994,40.7930,40.8572,2.9809,56.0088,40.7930,2.06766,7297.78,7.98865,0.0211078,-1,12173,11200,-141,100,15.485,1011,No Data,No Data
03/07/2024 11:08:06.319,1,240,40.7924,40.8567,3.1271,56.0088,40.7924,2.06768,7295.8,7.94836,0.0801205,-1,12162,11008,-12,100,15.484,1011,No Data,No Data
03/07/2024 11:08:07.313,1,240.018,40.7897,40.8571,3.2289,56.0088,40.7897,2.06818,7295.37,8.10569,0.0929333,-1,12166,11072,-2,100,15.484,1011,No Data,No Data
03/07/2024 11:08:08.306,1,240.007,40.7901,40.8571,3.3185,56.0088,40.7901,2.06807,7291.55,7.90313,0.0623743,-1,12180,11008,-159,100,15.483,1011,No Data,No Data
03/07/2024 11:08:09.299,1,239.989,40.7862,40.8571,3.3973,56.0088,40.7862,2.06763,7301.01,8.04959,0.0532372,-1,12174,11008,3,100,15.483,1011,No Data,No Data
03/07/2024 11:08:10.292,1,240.01,40.7848,40.8571,3.4444,56.0088,40.7848,2.06625,7303.68,7.8624,0.105088,-1,12179,11072,-117,100,15.483,1011,No Data,No Data
03/07/2024 11:08:11.286,1,239.995,40.7944,40.8570,3.4679,56.0088,40.7944,2.06583,7307.24,8.08859,0.00199273,-1,12154,11008,5,100,15.483,1011,No Data,No Data
03/07/2024 11:08:12.279,1,239.997,40.7963,40.8570,3.4932,56.0088,40.7963,2.06703,7310.59,7.98816,-0.0173319,-1,12149,11136,-111,100,15.484,1011,No Data,No Data
03/07/2024 11:08:13.272,1,239.998,40.7985,40.8567,3.5358,56.0088,40.7985,2.06591,7309.53,7.84913,0.0117637,-1,12156,11008,-8,100,15.488,1011,No Data,No Data
03/07/2024 11:08:14.266,1,239.993,40.7982,40.8572,3.5865,56.0088,40.7982,2.06505,7313.53,7.95172,0.0267954,-1,12178,11008,-107,100,15.489,1011,No Data,No Data
03/07/2024 11:08:15.259,1,239.999,40.8002,40.8567,3.6366,56.0088,40.8002,2.06736,7319.75,8.01546,0.0338969,-1,12180,11008,-86,100,15.490,1011,No Data,No Data
03/07/2024 11:08:16.252,1,240.005,40.7982,40.8572,3.6810,56.0088,40.7982,2.06943,7318.29,7.86994,0.126826,-1,12179,11008,-68,100,15.491,1011,No Data,No Data
03/07/2024 11:08:17.245,1,239.977,40.7990,40.8575,3.7359,56.0088,40.7990,2.0653,7329.8,7.74209,0.26452,-1,12157,11072,-97,100,15.492,1011,No Data,No Data
03/07/2024 11:08:18.239,1,239.994,40.7990,40.8574,3.7560,56.0088,40.7990,2.06701,7334.99,7.76171,0.321202,-1,12155,11072,-67,100,15.495,1011,No Data,No Data
03/07/2024 11:08:19.232,1,240.002,40.7986,40.8578,3.7506,56.0088,40.7986,2.0669,7338.66,7.80368,0.418499,-1,12147,11008,-94,100,15.496,1011,No Data,No Data
03/07/2024 11:08:20.225,1,239.987,40.7976,40.8586,3.7095,56.0088,40.7976,2.06704,7340.7,7.81648,0.423383,-1,12176,11008,-69,100,15.500,1011,No Data,No Data
03/07/2024 11:08:21.219,1,239.986,40.7975,40.8568,3.6615,56.0088,40.7975,2.06745,7351.17,7.73582,0.419371,-1,12179,10944,-79,100,15.504,1011,No Data,No Data
03/07/2024 11:08:22.212,1,240,40.7977,40.8577,3.6139,56.0088,40.7977,2.06616,7351.64,7.82598,0.364369,-1,12174,11200,-68,100,15.508,1011,No Data,No Data
03/07/2024 11:08:23.205,1,239.997,40.7948,40.8577,3.5601,56.0088,40.7948,2.06794,7351.34,7.7427,0.345138,-1,12157,11072,-66,100,15.512,1011,No Data,No Data
03/07/2024 11:08:24.198,1,239.978,40.7969,40.8580,3.4962,56.0088,40.7969,2.06587,7362.34,7.81299,0.385632,-1,12157,11072,-66,100,15.517,1011,No Data,No Data
03/07/2024 11:08:25.291,1,239.999,40.8020,40.8585,3.4112,56.0088,40.8020,2.06563,7367.67,7.72247,0.452857,-1,12162,11072,-48,100,15.520,1011,No Data,No Data
03/07/2024 11:08:26.284,1,239.996,40.8020,40.8572,3.3488,56.0088,40.8020,2.06775,7369.62,7.96433,0.44751,-1,12162,11072,-48,100,15.520,1011,No Data,No Data
03/07/2024 11:08:27.278,1,240.001,40.7991,40.8568,3.3313,56.0088,40.7991,2.06572,7368.21,7.74806,0.457523,-1,12177,11072,-140,100,15.519,1011,No Data,No Data
03/07/2024 11:08:28.271,1,239.994,40.7982,40.8578,3.2983,56.0088,40.7982,2.06648,7374.37,7.8693,0.426403,-1,12171,11072,-30,100,15.519,1011,No Data,No Data
03/07/2024 11:08:29.264,1,240.003,40.8032,40.8571,3.2539,56.0088,40.8032,2.0655,7373.19,7.92319,0.392919,-1,12157,11072,-29,100,15.521,1011,No Data,No Data
03/07/2024 11:08:30.257,1,240.002,40.8009,40.8577,3.2121,56.0088,40.8009,2.06729,7371.65,7.97969,0.225831,-1,12167,11072,-111,100,15.523,1011,No Data,No Data
03/07/2024 11:08:31.251,1,239.998,40.8001,40.8578,3.1091,56.0088,40.8001,2.06682,7377.28,8.0982,0.27524,-1,12177,11072,-23,100,15.527,1011,No Data,No Data
03/07/2024 11:08:32.244,1,239.989,40.7991,40.8571,3.0167,56.0088,40.7991,2.06557,7380.96,8.11585,0.123731,-1,12169,11008,-125,100,15.531,1011,No Data,No Data
03/07/2024 11:08:33.237,1,240.001,40.8032,40.8579,3.0192,56.0088,40.8032,2.06881,7383.62,7.98442,0.162281,-1,12156,11008,-26,100,15.533,1009,No Data,No Data
03/07/2024 11:08:34.231,1,239.996,40.7998,40.8571,3.0213,56.0088,40.7998,2.06578,7388.79,8.15936,0.103761,-1,12147,11072,-79,100,15.535,1009,No Data,No Data
03/07/2024 11:08:35.323,1,240.012,40.8041,40.8571,3.0559,56.0088,40.8041,2.0668,7387.99,8.04641,0.0879743,-1,12171,10944,-41,100,15.537,1009,No Data,No Data
03/07/2024 11:08:36.316,1,239.996,40.8071,40.8577,3.1043,56.0088,40.8071,2.06825,7389.97,8.00517,0.109045,-1,12180,11072,-90,100,15.540,1009,No Data,No Data
03/07/2024 11:08:37.310,1,239.979,40.8035,40.8569,3.1269,56.0088,40.8035,2.06732,7390.21,7.96166,0.0567023,-1,12174,11200,-66,100,15.544,1009,No Data,No Data
03/07/2024 11:08:38.303,1,239.991,40.8023,40.8567,3.1613,56.0088,40.8023,2.06787,7391.36,7.98736,0.0799506,-1,12150,11136,-55,100,15.549,1009,No Data,No Data
03/07/2024 11:08:39.296,1,240.001,40.8071,40.8571,3.2086,56.0088,40.8071,2.06614,7395.15,8.01461,0.036305,-1,12156,10944,-100,100,15.552,1009,No Data,No Data
03/07/2024 11:08:40.290,1,239.987,40.8065,40.8570,3.2236,56.0088,40.8065,2.06504,7402.02,7.81301,0.069721,-1,12162,11072,-36,100,15.553,1009,No Data,No Data
03/07/2024 11:08:41.283,1,240.015,40.8069,40.8563,3.1595,56.0088,40.8069,2.06443,7403.19,8.02882,0.0409838,-1,12179,11072,-105,100,15.554,1009,No Data,No Data
03/07/2024 11:08:42.276,1,240.014,40.8053,40.8569,3.1156,56.0088,40.8053,2.06575,7401.32,8.01711,0.0120541,-1,12173,11008,-28,100,15.554,1009,No Data,No Data
03/07/2024 11:08:43.269,1,239.996,40.8029,40.8569,3.1147,56.0088,40.8029,2.06494,7405.41,7.98995,-0.0260647,-1,12160,11200,-154,100,15.555,1009,No Data,No Data
03/07/2024 11:08:44.263,1,240.006,40.8068,40.8579,3.1278,56.0088,40.8068,2.06619,7408.23,7.81456,-0.00424142,-1,12160,11008,-26,100,15.557,1009,No Data,No Data
03/07/2024 11:08:45.355,1,240.006,40.8023,40.8563,3.1075,56.0088,40.8023,2.06602,7401.62,8.01089,-0.0350531,-1,12171,11136,-32,100,15.560,1009,No Data,No Data
03/07/2024 11:08:46.349,1,240,40.8009,40.8575,3.1419,56.0186,40.8009,2.06478,7405.84,7.92725,-0.0126072,-1,12178,11072,-105,100,15.561,1009,No Data,No Data
03/07/2024 11:08:47.342,1,240.007,40.7983,40.8573,3.1174,56.0088,40.7983,2.06612,7407.03,7.91846,-0.0646302,-1,12160,11072,-60,100,15.565,1009,No Data,No Data
03/07/2024 11:08:48.335,1,240.022,40.7943,40.8563,3.1611,56.0088,40.7943,2.06564,7407.84,7.90918,-0.0387115,-1,12160,11072,-60,100,15.566,1009,No Data,No Data
03/07/2024 11:08:49.328,1,240.012,40.7956,40.8567,3.2249,56.0283,40.7956,2.06323,7402.25,8.02329,-0.0877877,-1,12154,11072,-74,100,15.568,1009,No Data,No Data
03/07/2024 11:08:50.322,1,239.998,40.7971,40.8568,3.1759,56.0186,40.7971,2.06468,7399.14,8.04935,-0.105103,-1,12164,11072,-96,100,15.570,1009,No Data,No Data
03/07/2024 11:08:51.315,1,239.984,40.7939,40.8564,3.1412,56.0186,40.7939,2.06318,7401.11,7.8806,0.000635552,-1,12175,11072,-62,100,15.570,1009,No Data,No Data
03/07/2024 11:08:52.308,1,239.992,40.7965,40.8571,3.0941,56.0772,40.7965,2.06424,7400.41,7.8137,0.0557796,-1,12179,11072,-83,100,15.572,1009,No Data,No Data
03/07/2024 11:08:53.301,1,240.005,40.7978,40.8568,3.0178,56.0576,40.7978,2.06588,7393.59,7.92968,0.160496,-1,12175,11200,-87,100,15.574,1009,No Data,No Data
03/07/2024 11:08:54.295,1,239.996,40.7985,40.8571,2.9283,56.0870,40.7985,2.06576,7398.5,8.09007,0.153708,-1,12153,11072,-55,100,15.577,1009,No Data,No Data
03/07/2024 11:08:55.387,1,240,40.7985,40.8565,2.8334,56.0479,40.7985,2.06621,7399.7,7.96572,0.150433,-1,12153,11072,-115,100,15.579,1009,No Data,No Data
03/07/2024 11:08:56.381,1,240.005,40.7996,40.8576,2.7289,56.0283,40.7996,2.06633,7393.34,7.89047,0.146242,-1,12145,11392,-42,100,15.579,1009,No Data,No Data
03/07/2024 11:08:57.374,1,239.974,40.7976,40.8567,2.6612,56.0772,40.7976,2.06509,7398.43,8.09209,0.11687,-1,12179,10944,-130,100,15.582,1009,No Data,No Data
03/07/2024 11:08:58.367,1,240.006,40.8017,40.8567,2.6165,56.0967,40.8017,2.06618,7394.43,8.02954,0.144724,-1,12172,11072,-25,100,15.584,1009,No Data,No Data
03/07/2024 11:08:59.361,1,239.991,40.7935,40.8572,2.5981,56.0674,40.7935,2.067,7391.08,8.27924,0.199462,-1,12177,11008,-142,100,15.586,1009,No Data,No Data
03/07/2024 11:09:00.354,1,240,40.7880,40.8574,2.5995,56.0870,40.7880,2.06641,7392.57,7.96304,0.203674,-1,12158,11136,-21,100,15.588,1009,No Data,No Data
03/07/2024 11:09:01.347,1,240.003,40.7950,40.8576,2.6144,56.0967,40.7950,2.06469,7391.03,8.03058,0.167654,-1,12170,11072,-143,100,15.591,1009,No Data,No Data
03/07/2024 11:09:02.340,1,240.002,40.7916,40.8578,2.6476,56.1065,40.7916,2.06475,7386.86,8.10514,0.142914,-1,12160,11008,-18,100,15.593,1009,No Data,No Data
03/07/2024 11:09:03.334,1,239.987,40.7952,40.8570,2.6419,56.0870,40.7952,2.06413,7395.99,8.09129,0.116208,-1,12175,10944,-128,100,15.594,1009,No Data,No Data
03/07/2024 11:09:04.327,1,239.97,40.7986,40.8571,2.6782,56.0576,40.7986,2.06653,7391.42,8.16635,0.149987,-1,12159,11136,-21,100,15.597,1009,No Data,No Data
03/07/2024 11:09:05.320,1,239.967,40.7933,40.8570,2.6756,56.0674,40.7933,2.06299,7389.73,7.95566,0.15062,-1,12175,11136,-129,100,15.599,1009,No Data,No Data
03/07/2024 11:09:06.313,1,240.006,40.7873,40.8576,2.6516,56.0674,40.7873,2.06421,7393.59,8.00456,0.14658,-1,12177,11200,-89,100,15.601,1009,No Data,No Data
03/07/2024 11:09:07.307,1,240.012,40.7940,40.8565,2.6111,56.0967,40.7940,2.06514,7387.61,8.10394,0.162336,-1,12177,10944,-46,100,15.603,1009,No Data,No Data
03/07/2024 11:09:08.300,1,240.016,40.7981,40.8570,2.5700,56.0772,40.7981,2.06533,7387.66,7.8158,0.172732,-1,12180,10944,-108,100,15.605,1009,No Data,No Data
03/07/2024 11:09:09.293,1,239.999,40.7992,40.8569,2.5637,56.0576,40.7992,2.06463,7385.45,8.13373,0.139567,-1,12180,10944,-108,100,15.606,1009,No Data,No Data
03/07/2024 11:09:10.287,1,240.015,40.8016,40.8572,2.6247,56.0381,40.8016,2.0659,7384.67,8.25109,0.175083,-1,12157,10944,-18,100,15.607,1009,No Data,No Data
03/07/2024 11:09:11.280,1,239.999,40.8057,40.8566,2.7113,56.0381,40.8057,2.06552,7385.15,8.04812,0.183898,-1,12164,11072,-128,100,15.607,1009,No Data,No Data
03/07/2024 11:09:12.273,1,240.015,40.8046,40.8578,2.7995,56.0967,40.8046,2.06664,7380.48,7.9025,0.135707,-1,12177,11200,-106,100,15.606,1009,No Data,No Data
03/07/2024 11:09:13.266,1,239.996,40.8024,40.8580,2.7678,56.0674,40.8024,2.06597,7382.13,8.06791,0.143833,-1,12167,11008,-19,100,15.608,1009,No Data,No Data
03/07/2024 11:09:14.260,1,239.998,40.7994,40.8572,2.7273,56.0772,40.7994,2.06546,7382.9,7.80768,0.183763,-1,12177,11136,-114,100,15.611,1009,No Data,No Data
03/07/2024 11:09:15.352,1,240.014,40.7929,40.8569,2.7052,56.1065,40.7929,2.06446,7381.61,7.89835,0.203504,-1,12156,11072,-17,100,15.613,1009,No Data,No Data
03/07/2024 11:09:16.346,1,240.002,40.7915,40.8574,2.5580,56.0967,40.7915,2.06487,7379.51,8.18462,0.171717,-1,12165,11072,-51,100,15.616,1009,No Data,No Data
03/07/2024 11:09:17.339,1,239.995,40.7983,40.8568,2.4574,56.1065,40.7983,2.06423,7384.27,8.19269,0.147213,-1,12156,11008,-96,100,15.618,1008,No Data,No Data
03/07/2024 11:09:18.332,1,240,40.8030,40.8571,2.3750,56.0967,40.8030,2.06309,7382.59,8.22711,0.0539497,-1,12175,10944,-67,100,15.623,1008,No Data,No Data
03/07/2024 11:09:19.325,1,239.989,40.7947,40.8572,2.2921,56.0967,40.7947,2.06371,7388.35,8.08762,0.0323332,-1,12161,11200,-74,100,15.625,1008,No Data,No Data
03/07/2024 11:09:20.319,1,240.014,40.8045,40.8570,2.2644,56.0967,40.8045,2.06512,7385.25,8.07189,0.0338353,-1,12168,11008,-88,100,15.626,1008,No Data,No Data
03/07/2024 11:09:21.312,1,239.992,40.8065,40.8583,2.3007,56.1065,40.8065,2.06448,7392.55,7.98761,-0.0347161,-1,12155,11136,-31,100,15.626,1008,No Data,No Data
03/07/2024 11:09:22.305,1,240.016,40.8052,40.8572,2.3840,56.1065,40.8052,2.06449,7388.08,8.04135,-0.0955373,-1,12177,10944,-103,100,15.627,1008,No Data,No Data
03/07/2024 11:09:23.299,1,240.004,40.8032,40.8564,2.4344,56.1065,40.8032,2.06519,7385.27,7.91919,-0.0739432,-1,12174,11072,-32,100,15.629,1008,No Data,No Data
03/07/2024 11:09:24.292,1,239.995,40.8001,40.8572,2.4325,56.1065,40.8001,2.06508,7382.31,8.20643,-0.081794,-1,12171,10944,-105,100,15.631,1008,No Data,No Data
03/07/2024 11:09:25.285,1,239.982,40.8002,40.8571,2.4754,56.1065,40.8002,2.06408,7386.64,8.17116,-0.0866942,-1,12152,11008,-22,100,15.634,1008,No Data,No Data
03/07/2024 11:09:26.278,1,239.993,40.7994,40.8576,2.5733,56.1065,40.7994,2.06617,7381.47,8.1484,-0.00131652,-1,12158,11008,-152,100,15.636,1008,No Data,No Data
03/07/2024 11:09:27.272,1,239.99,40.7999,40.8559,2.6857,56.1065,40.7999,2.06401,7385.55,7.95216,0.0293757,-1,12166,11072,-17,100,15.635,1008,No Data,No Data
03/07/2024 11:09:28.265,1,240.012,40.8015,40.8570,2.7585,56.1065,40.8015,2.06489,7381.07,8.22616,0.035915,-1,12177,11008,-110,100,15.634,1008,No Data,No Data
03/07/2024 11:09:29.258,1,240.005,40.8055,40.8560,2.8212,56.1065,40.8055,2.06537,7377.4,8.14762,-0.082663,-1,12179,11008,-26,100,15.638,1008,No Data,No Data
03/07/2024 11:09:30.252,1,240.003,40.8033,40.8562,2.9155,56.1065,40.8033,2.06642,7375.75,7.87414,-0.120002,-1,12179,11008,-26,100,15.639,1008,No Data,No Data
03/07/2024 11:09:31.245,1,239.995,40.8040,40.8568,2.9969,56.1065,40.8040,2.0661,7376.56,7.88496,-0.1715,-1,12151,11008,-87,100,15.641,1008,No Data,No Data
03/07/2024 11:09:32.238,1,239.997,40.7981,40.8570,3.0651,56.1065,40.7981,2.06425,7381.35,8.00917,-0.158388,-1,12166,11392,-40,100,15.641,1008,No Data,No Data
03/07/2024 11:09:33.231,1,239.998,40.7954,40.8569,3.1274,56.1065,40.7954,2.06488,7380.09,8.20829,-0.151851,-1,12178,11200,-54,100,15.643,1008,No Data,No Data
03/07/2024 11:09:34.225,1,240.017,40.8030,40.8579,3.1664,56.1065,40.8030,2.06433,7377.38,7.99579,-0.201623,-1,12165,11072,-44,100,15.645,1008,No Data,No Data
03/07/2024 11:09:35.218,1,239.978,40.8050,40.8579,3.1791,56.1065,40.8050,2.06318,7380.85,8.15605,-0.311024,-1,12168,11200,-79,100,15.648,1008,No Data,No Data
03/07/2024 11:09:36.211,1,240.005,40.8018,40.8576,3.1782,56.1065,40.8018,2.06359,7383.75,8.04804,-0.310561,-1,12153,11072,-33,100,15.652,1008,No Data,No Data
03/07/2024 11:09:37.204,1,240.016,40.8019,40.8567,3.2061,56.1065,40.8019,2.06669,7376.21,7.81667,-0.389109,-1,12176,11008,-100,100,15.656,1008,No Data,No Data
03/07/2024 11:09:38.198,1,239.974,40.8013,40.8569,3.2424,56.1065,40.8013,2.06369,7385.03,8.11513,-0.393417,-1,12171,11008,-26,100,15.658,1008,No Data,No Data
03/07/2024 11:09:39.191,1,240,40.8042,40.8570,3.1384,56.1065,40.8042,2.06466,7378.39,8.33457,-0.379233,-1,12175,11072,-86,100,15.662,1008,No Data,No Data
03/07/2024 11:09:40.184,1,239.952,40.8018,40.8571,3.0162,56.1065,40.8018,2.0631,7389.81,8.06156,-0.428219,-1,12153,11200,-18,100,15.665,1008,No Data,No Data
03/07/2024 11:09:41.178,1,240.023,40.8034,40.8583,2.9467,56.1065,40.8034,2.06376,7386.28,8.07417,-0.426449,-1,12158,11072,-121,100,15.667,1008,No Data,No Data
03/07/2024 11:09:42.171,1,239.996,40.8047,40.8569,2.9397,56.1065,40.8047,2.06271,7386.47,8.1502,-0.39643,-1,12176,11136,-23,100,15.669,1008,No Data,No Data
03/07/2024 11:09:43.164,1,240,40.8106,40.8582,2.9046,56.1065,40.8106,2.0627,7390.56,8.18552,-0.433185,-1,12171,11136,-87,100,15.668,1008,No Data,No Data
03/07/2024 11:09:44.157,1,240.015,40.8116,40.8571,2.8198,56.1065,40.8116,2.06266,7391.78,7.97241,-0.333035,-1,12179,11008,-39,100,15.671,1008,No Data,No Data
03/07/2024 11:09:45.151,1,240.01,40.8103,40.8576,2.7244,56.1065,40.8103,2.06546,7389.43,8.21687,-0.297107,-1,12151,11072,-79,100,15.672,1008,No Data,No Data
03/07/2024 11:09:46.343,1,240.012,40.8065,40.8563,2.5865,56.1065,40.8065,2.06272,7398.96,7.91777,-0.226715,-1,12170,11072,-58,100,15.673,1008,No Data,No Data
03/07/2024 11:09:47.336,1,240.012,40.8062,40.8571,2.5320,56.1065,40.8062,2.06371,7398.35,8.0928,-0.227683,-1,12166,11200,-4,100,15.673,1008,No Data,No Data
03/07/2024 11:09:48.329,1,240.009,40.8039,40.8560,2.5015,56.1065,40.8039,2.06522,7395.19,8.19589,-0.160608,-1,12173,11008,-133,100,15.673,1008,No Data,No Data
03/07/2024 11:09:49.322,1,239.996,40.8025,40.8556,2.4972,56.1065,40.8025,2.06256,7395.49,8.23731,-0.215768,-1,12180,11072,-7,100,15.674,1008,No Data,No Data
03/07/2024 11:09:50.316,1,239.996,40.8030,40.8573,2.5585,56.1065,40.8030,2.06294,7392.05,8.01736,-0.190437,-1,12169,11136,-109,100,15.674,1008,No Data,No Data
03/07/2024 11:09:51.309,1,239.993,40.8021,40.8578,2.5842,56.1065,40.8021,2.06413,7392.32,8.01478,-0.185178,-1,12162,11072,-14,100,15.673,1008,No Data,No Data
03/07/2024 11:09:52.302,1,240.012,40.8010,40.8563,2.6052,56.1065,40.8010,2.06453,7387.34,7.88798,-0.186934,-1,12162,11072,-14,100,15.672,1008,No Data,No Data
03/07/2024 11:09:53.296,1,239.989,40.8011,40.8560,2.6387,56.1065,40.8011,2.06274,7388.18,8.04466,-0.145413,-1,12172,11072,-95,100,15.675,1008,No Data,No Data
03/07/2024 11:09:54.289,1,240,40.8016,40.8571,2.6462,56.1065,40.8016,2.06324,7387.01,8.26453,-0.204521,-1,12179,10944,-82,100,15.681,1008,No Data,No Data
03/07/2024 11:09:55.282,1,239.976,40.8055,40.8569,2.6455,56.1065,40.8055,2.06121,7396.81,8.40804,-0.339365,-1,12151,11072,-103,100,15.681,1008,No Data,No Data
03/07/2024 11:09:56.275,1,240.019,40.8078,40.8562,2.6073,56.1065,40.8078,2.06406,7388.72,7.96691,-0.37878,-1,12157,11072,-25,100,15.684,1008,No Data,No Data
03/07/2024 11:09:57.269,1,239.99,40.8018,40.8563,2.5705,56.1065,40.8018,2.06164,7389.12,8.14233,-0.385499,-1,12178,11072,-143,100,15.686,1008,No Data,No Data
03/07/2024 11:09:58.262,1,240.005,40.8033,40.8574,2.4619,56.1065,40.8033,2.06221,7387.93,8.38777,-0.463826,-1,12174,11008,2,100,15.688,1008,No Data,No Data
03/07/2024 11:09:59.255,1,240.008,40.8024,40.8572,2.4171,56.1065,40.8024,2.06187,7390.56,7.95948,-0.429101,-1,12173,10944,-123,100,15.690,1008,No Data,No Data
03/07/2024 11:10:00.249,1,239.995,40.8044,40.8573,2.3652,56.1065,40.8044,2.06311,7387.6,7.97551,-0.353962,-1,12157,10944,-6,100,15.693,1008,No Data,No Data
03/07/2024 11:10:01.242,1,240,40.8024,40.8577,2.3340,56.1065,40.8024,2.06154,7388.99,8.26331,-0.327666,-1,12165,11008,-128,100,15.697,1008,No Data,No Data
03/07/2024 11:10:02.235,1,240.017,40.8085,40.8582,2.3252,56.1065,40.8085,2.06291,7378.45,8.24165,-0.324317,-1,12171,11008,-19,100,15.700,1008,No Data,No Data
03/07/2024 11:10:03.228,1,239.999,40.8079,40.8572,2.3550,56.1065,40.8079,2.06368,7381.02,8.285,-0.344673,-1,12175,11008,-95,100,15.701,1008,No Data,No Data
03/07/2024 11:10:04.222,1,240.001,40.8061,40.8574,2.3921,56.1065,40.8061,2.06377,7377.51,8.12661,-0.327973,-1,12163,11200,-36,100,15.704,1008,No Data,No Data
03/07/2024 11:10:05.215,1,239.991,40.8102,40.8571,2.4242,56.1065,40.8102,2.06315,7377.23,8.12077,-0.327256,-1,12163,11008,-70,100,15.707,1008,No Data,No Data
03/07/2024 11:10:06.208,1,239.992,40.8103,40.8565,2.4019,56.1065,40.8103,2.06395,7376.26,8.15534,-0.319255,-1,12171,11072,-25,100,15.710,1008,No Data,No Data
03/07/2024 11:10:07.202,1,239.983,40.8102,40.8564,2.3729,56.1065,40.8102,2.06265,7378.08,8.04105,-0.131796,-1,12177,10944,-51,100,15.713,1008,No Data,No Data
03/07/2024 11:10:08.195,1,240.011,40.8086,40.8571,2.3071,56.1065,40.8086,2.06363,7378.59,8.33341,-0.105302,-1,12180,11136,-100,100,15.717,1008,No Data,No Data
03/07/2024 11:10:09.188,1,240.013,40.8106,40.8564,2.1861,56.1065,40.8106,2.0608,7375.05,7.82257,-0.00980486,-1,12155,11136,-13,100,15.720,1008,No Data,No Data
03/07/2024 11:10:10.181,1,240.005,40.8100,40.8563,2.1312,56.1065,40.8100,2.06195,7377.12,8.26452,-0.0420183,-1,12155,11008,-113,100,15.723,1008,No Data,No Data
03/07/2024 11:10:11.175,1,239.998,40.8109,40.8562,2.1165,56.1065,40.8109,2.06296,7375.93,8.12171,-0.0342555,-1,12151,10944,-9,100,15.725,1008,No Data,No Data
03/07/2024 11:10:12.168,1,239.999,40.8097,40.8566,2.0595,56.1065,40.8097,2.06097,7378.71,8.19345,-0.0575401,-1,12180,11072,-158,100,15.727,1008,No Data,No Data
03/07/2024 11:10:13.161,1,239.991,40.8091,40.8564,2.0523,56.1065,40.8091,2.0624,7378.21,8.2119,-0.0635107,-1,12180,11072,-158,100,15.727,1008,No Data,No Data
03/07/2024 11:10:14.154,1,240.004,40.8103,40.8567,2.0894,56.1065,40.8103,2.06168,7378.39,8.21003,-0.0907865,-1,12175,11072,-3,100,15.731,1008,No Data,No Data
03/07/2024 11:10:15.148,1,239.994,40.8132,40.8571,2.1146,56.1065,40.8132,2.06379,7372.01,8.17512,-0.135441,-1,12174,11072,-126,100,15.731,1008,No Data,No Data
03/07/2024 11:10:16.240,1,239.997,40.8141,40.8565,2.1677,56.1065,40.8141,2.0621,7372.19,8.06088,-0.132536,-1,12160,11072,0,100,15.732,1008,No Data,No Data
03/07/2024 11:10:17.234,1,239.987,40.8119,40.8563,2.2527,56.1065,40.8119,2.06058,7373.61,8.45604,-0.239444,-1,12163,11072,-122,100,15.733,1008,No Data,No Data
03/07/2024 11:10:18.227,1,240.019,40.8115,40.8568,2.3345,56.1065,40.8115,2.06228,7370.92,8.33387,-0.292411,-1,12173,11072,-64,100,15.735,1008,No Data,No Data
03/07/2024 11:10:19.220,1,239.985,40.8140,40.8563,2.4315,56.1065,40.8140,2.06369,7365.31,7.92074,-0.324699,-1,12157,11008,-19,100,15.737,1008,No Data,No Data
03/07/2024 11:10:20.213,1,240.003,40.8105,40.8571,2.5237,56.1065,40.8105,2.06286,7367.97,7.9235,-0.319577,-1,12174,11072,-90,100,15.739,1008,No Data,No Data
03/07/2024 11:10:21.207,1,240.005,40.8096,40.8571,2.6422,56.1065,40.8096,2.0618,7362.99,8.19306,-0.298443,-1,12174,11008,-34,100,15.742,1008,No Data,No Data
03/07/2024 11:10:22.200,1,239.991,40.8130,40.8562,2.7500,56.1065,40.8130,2.06232,7365.13,8.15676,-0.215886,-1,12179,11008,-66,100,15.744,1008,No Data,No Data
03/07/2024 11:10:23.193,1,240.032,40.8112,40.8567,2.7554,56.1065,40.8112,2.06209,7353.02,8.00009,-0.193081,-1,12177,11072,-52,100,15.745,1008,No Data,No Data
03/07/2024 11:10:24.187,1,239.983,40.8095,40.8557,2.6965,56.1065,40.8095,2.06259,7359.05,7.92318,-0.21346,-1,12163,11008,-45,100,15.746,1008,No Data,No Data
03/07/2024 11:10:25.180,1,239.998,40.8059,40.8571,2.5464,56.1065,40.8059,2.06194,7358.76,7.97444,-0.125721,-1,12150,10944,-53,100,15.750,1008,No Data,No Data
03/07/2024 11:10:26.173,1,239.988,40.8077,40.8573,2.4496,56.1065,40.8077,2.06366,7358.95,7.95713,-0.11528,-1,12162,11008,-53,100,15.753,1008,No Data,No Data
03/07/2024 11:10:27.166,1,239.994,40.8085,40.8562,2.3621,56.1065,40.8085,2.06263,7361.17,8.18313,-0.112946,-1,12180,11072,-94,100,15.755,1008,No Data,No Data
03/07/2024 11:10:28.160,1,240.003,40.8068,40.8563,2.2655,56.1065,40.8068,2.06194,7361.26,8.06904,-0.0897242,-1,12170,11008,-21,100,15.756,1008,No Data,No Data
03/07/2024 11:10:29.153,1,239.987,40.8052,40.8579,2.1737,56.1065,40.8052,2.06022,7367.99,8.25738,-0.174157,-1,12159,11072,-97,100,15.759,1008,No Data,No Data
03/07/2024 11:10:30.146,1,240.009,40.8060,40.8564,2.0951,56.1065,40.8060,2.06001,7371.25,8.21513,-0.179602,-1,12166,11008,-25,100,15.760,1008,No Data,No Data
03/07/2024 11:10:31.140,1,240,40.8060,40.8563,2.0395,56.1065,40.8060,2.05969,7369.81,8.10414,-0.130301,-1,12175,11200,-94,100,15.760,1008,No Data,No Data
03/07/2024 11:10:32.133,1,240.008,40.8043,40.8571,2.0504,56.1065,40.8043,2.06281,7366.97,8.02625,-0.155388,-1,12182,11008,-33,100,15.760,1008,No Data,No Data
03/07/2024 11:10:33.126,1,239.986,40.8061,40.8569,2.0337,56.1065,40.8061,2.06106,7363.67,8.20403,-0.225202,-1,12182,11008,-33,100,15.760,1008,No Data,No Data
03/07/2024 11:10:34.119,1,240.014,40.8062,40.8566,1.9388,56.1065,40.8062,2.0624,7355.63,8.1346,-0.23263,-1,12168,11072,-76,100,15.760,1008,No Data,No Data
03/07/2024 11:10:35.113,1,239.999,40.8074,40.8571,1.8421,56.1065,40.8074,2.06255,7355.68,8.13174,-0.23377,-1,12155,10944,-47,100,15.763,1008,No Data,No Data
03/07/2024 11:10:36.106,1,240.091,40.8070,40.8562,1.8130,56.1065,40.8070,2.06177,7355.94,8.00547,-0.247421,-1,12156,10944,-52,100,15.766,1008,No Data,No Data
03/07/2024 11:10:37.099,1,239.996,40.8097,40.8563,1.7923,56.1065,40.8097,2.06204,7354.9,8.15579,-0.238989,-1,12178,11008,-51,100,15.767,1008,No Data,No Data
03/07/2024 11:10:38.093,1,240.018,40.8121,40.8565,1.8013,56.1065,40.8121,2.06204,7343.45,8.11298,-0.343094,-1,12181,11072,-50,100,15.767,1008,No Data,No Data
03/07/2024 11:10:39.086,1,239.987,40.8087,40.8560,1.8717,56.1065,40.8087,2.06003,7347.59,8.01693,-0.394494,-1,12171,11072,-76,100,15.768,1008,No Data,No Data
03/07/2024 11:10:40.079,1,240.005,40.8119,40.8568,1.8433,56.1065,40.8119,2.06122,7350.73,8.15105,-0.405574,-1,12163,11008,-79,100,15.768,1008,No Data,No Data
03/07/2024 11:10:41.072,1,240.01,40.8083,40.8571,1.7760,56.1065,40.8083,2.06079,7344.62,8.19702,-0.424264,-1,12174,11072,-20,100,15.770,1008,No Data,No Data
03/07/2024 11:10:42.066,1,239.977,40.8108,40.8575,1.7445,56.1065,40.8108,2.05971,7347.84,8.13003,-0.393991,-1,12180,11072,-102,100,15.772,1008,No Data,No Data
03/07/2024 11:10:43.059,1,240.016,40.8131,40.8573,1.7913,56.1065,40.8131,2.0618,7337.72,8.27743,-0.401961,-1,12173,11008,-21,100,15.773,1008,No Data,No Data
03/07/2024 11:10:44.052,1,240.003,40.8064,40.8571,1.9059,56.1065,40.8064,2.06213,7337.79,8.11543,-0.402618,-1,12162,11200,-126,100,15.774,1008,No Data,No Data
03/07/2024 11:10:45.045,1,240.005,40.8083,40.8575,2.0782,56.1065,40.8083,2.06041,7333.3,8.07893,-0.432949,-1,12157,11072,-20,100,15.776,1008,No Data,No Data
03/07/2024 11:10:46.138,1,239.997,40.8061,40.8576,2.2607,56.1065,40.8061,2.05915,7333.37,8.06627,-0.365737,-1,12174,10944,-121,100,15.776,1008,No Data,No Data
03/07/2024 11:10:47.131,1,239.996,40.8061,40.8574,2.4213,56.1065,40.8061,2.06006,7338.86,7.93795,-0.246528,-1,12180,11072,-31,100,15.777,1008,No Data,No Data
03/07/2024 11:10:48.125,1,239.995,40.8052,40.8569,2.5343,56.1065,40.8052,2.06058,7334.15,8.10207,-0.316485,-1,12166,11072,-97,100,15.777,1008,No Data,No Data
03/07/2024 11:10:49.118,1,239.993,40.8105,40.8573,2.6384,56.1163,40.8105,2.06121,7339.35,7.95934,-0.219147,-1,12158,11072,-36,100,15.779,1008,No Data,No Data
03/07/2024 11:10:50.111,1,240.023,40.8110,40.8570,2.7223,56.1065,40.8110,2.06143,7330.05,8.27739,-0.147698,-1,12162,11008,-70,100,15.780,1008,No Data,No Data
03/07/2024 11:10:51.104,1,239.996,40.8074,40.8575,2.8065,56.1065,40.8074,2.06085,7335.5,8.28246,-0.180556,-1,12149,11072,-27,100,15.783,1008,No Data,No Data
03/07/2024 11:10:52.098,1,240.001,40.8055,40.8575,2.9110,56.1065,40.8055,2.06061,7337.43,7.76104,-0.107162,-1,12182,11072,-88,100,15.784,1008,No Data,No Data
03/07/2024 11:10:53.091,1,240.013,40.8088,40.8576,3.0547,56.1065,40.8088,2.06204,7335.44,7.9402,-0.115387,-1,12175,11072,-24,100,15.786,1008,No Data,No Data
03/07/2024 11:10:54.084,1,239.993,40.8096,40.8574,3.1258,56.1065,40.8096,2.06005,7339.55,8.19002,-0.0895534,-1,12175,11072,-24,100,15.787,1008,No Data,No Data
03/07/2024 11:10:55.078,1,240.012,40.8090,40.8564,3.1045,56.1065,40.8090,2.0613,7344.47,7.95995,-0.0691745,-1,12178,11200,-89,100,15.787,1008,No Data,No Data
03/07/2024 11:10:56.071,1,240.014,40.8113,40.8561,3.0853,56.1163,40.8113,2.06201,7350.07,8.056,0.0150639,-1,12160,11008,-12,100,15.791,1008,No Data,No Data
03/07/2024 11:10:57.064,1,240.001,40.8113,40.8580,3.0742,56.1065,40.8113,2.06166,7359.51,7.9789,-0.0402336,-1,12170,11008,-97,100,15.792,1008,No Data,No Data
03/07/2024 11:10:58.057,1,240.021,40.8131,40.8571,3.0633,56.1065,40.8131,2.0599,7361.54,7.82982,0.0527875,-1,12153,11008,-19,100,15.792,1008,No Data,No Data
03/07/2024 11:10:59.051,1,240.006,40.8179,40.8557,3.0628,56.1456,40.8179,2.05878,7368.04,8.02836,0.118962,-1,12179,11072,-111,100,15.793,1008,No Data,No Data
03/07/2024 11:11:00.044,1,239.998,40.8135,40.8569,3.0654,56.1358,40.8135,2.06155,7370.61,8.15369,0.16889,-1,12174,11008,-7,100,15.794,1008,No Data,No Data
03/07/2024 11:11:01.037,1,239.997,40.8145,40.8566,3.0996,56.1260,40.8145,2.06003,7376.03,8.19804,0.145232,-1,12155,11072,-12,100,15.796,1008,No Data,No Data
03/07/2024 11:11:02.031,1,240.005,40.8141,40.8580,3.1207,56.1260,40.8141,2.06109,7375.9,8.37316,0.17356,-1,12168,11136,-93,100,15.798,1008,No Data,No Data
03/07/2024 11:11:03.024,1,240.015,40.8178,40.8574,3.1227,56.1065,40.8178,2.06292,7380.38,7.87186,0.0621191,-1,12151,10944,-7,100,15.800,1008,No Data,No Data
03/07/2024 11:11:04.017,1,239.989,40.8189,40.8575,3.0825,56.1163,40.8189,2.06058,7383.01,8.07371,0.0472916,-1,12182,11136,-90,100,15.802,1008,No Data,No Data
03/07/2024 11:11:05.010,1,239.998,40.8141,40.8572,3.0447,56.1065,40.8141,2.05964,7390.79,8.24038,-0.0224702,-1,12177,11072,-18,100,15.804,1008,No Data,No Data
03/07/2024 11:11:06.004,1,240.002,40.8119,40.8576,3.0153,56.1065,40.8119,2.06168,7396.66,8.02708,-0.0168709,-1,12182,11072,-114,100,15.806,1008,No Data,No Data
03/07/2024 11:11:06.997,1,240.011,40.8132,40.8571,2.9939,56.1456,40.8132,2.05986,7397.64,8.1127,-0.0447218,-1,12154,11072,-17,100,15.809,1008,No Data,No Data
03/07/2024 11:11:07.990,1,240.011,40.8166,40.8579,2.9716,56.1065,40.8166,2.06172,7398.73,7.8669,-0.0982465,-1,12166,11008,-114,100,15.811,1008,No Data,No Data
03/07/2024 11:11:08.984,1,239.996,40.8166,40.8581,2.9588,56.1358,40.8166,2.06015,7397.16,7.95613,-0.0894854,-1,12159,11008,-30,100,15.813,1008,No Data,No Data
03/07/2024 11:11:09.977,1,239.968,40.8146,40.8571,2.9609,56.1260,40.8146,2.06068,7403.87,7.95975,-0.0933319,-1,12182,11008,-89,100,15.815,1008,No Data,No Data
03/07/2024 11:11:10.970,1,240.013,40.8146,40.8574,2.9990,56.1260,40.8146,2.06077,7406.01,7.8993,-0.0904121,-1,12178,11072,-19,100,15.818,1008,No Data,No Data
03/07/2024 11:11:11.963,1,240.006,40.8174,40.8569,3.0515,56.1651,40.8174,2.0599,7409.56,8.0706,-0.0751084,-1,12178,11072,-19,100,15.818,1008,No Data,No Data
03/07/2024 11:11:12.957,1,240.011,40.8177,40.8573,3.0603,56.1651,40.8177,2.05854,7415,8.09267,-0.148703,-1,12182,11072,-114,100,15.818,1008,No Data,No Data
03/07/2024 11:11:13.950,1,239.998,40.8172,40.8572,3.0561,56.1651,40.8172,2.0599,7420.48,7.93235,-0.155008,-1,12153,10944,-34,100,15.819,1008,No Data,No Data
03/07/2024 11:11:14.943,1,240.011,40.8167,40.8573,3.0783,56.1749,40.8167,2.06099,7418.09,8.05312,-0.152069,-1,12157,11200,-67,100,15.821,1008,No Data,No Data
03/07/2024 11:11:16.036,1,239.987,40.8155,40.8573,3.1807,56.1749,40.8155,2.06121,7423.53,8.04747,-0.147668,-1,12162,10944,-50,100,15.826,1008,No Data,No Data
03/07/2024 11:11:17.128,1,240.002,40.8171,40.8579,3.2233,56.1358,40.8171,2.05863,7425.06,7.98686,-0.128355,-1,12179,11008,-74,100,15.830,1008,No Data,No Data
03/07/2024 11:11:18.122,1,240.003,40.8176,40.8567,3.2344,56.2042,40.8176,2.05995,7425.98,8.1163,-0.138027,-1,12181,11008,-60,100,15.832,1008,No Data,No Data
03/07/2024 11:11:19.115,1,239.997,40.8176,40.8579,3.2919,56.1944,40.8176,2.06055,7430,8.12698,-0.129318,-1,12178,10944,-60,100,15.834,1008,No Data,No Data
03/07/2024 11:11:20.108,1,239.992,40.8157,40.8569,3.3600,56.1944,40.8157,2.05924,7441.41,7.97583,-0.157213,-1,12159,11008,-57,100,15.836,1008,No Data,No Data
03/07/2024 11:11:21.102,1,239.996,40.8169,40.8564,3.3957,56.2042,40.8169,2.05879,7444.64,7.76245,-0.063493,-1,12158,11200,-63,100,15.839,1008,No Data,No Data
03/07/2024 11:11:22.095,1,240.011,40.8181,40.8565,3.4594,56.2042,40.8181,2.06042,7441.26,8.34921,-0.0596123,-1,12160,11008,-56,100,15.840,1008,No Data,No Data
03/07/2024 11:11:23.088,1,239.978,40.8139,40.8571,3.5458,56.2042,40.8139,2.05889,7450.75,8.19342,-0.0722257,-1,12182,10944,-104,100,15.843,1008,No Data,No Data
03/07/2024 11:11:24.081,1,240.008,40.8180,40.8566,3.6171,56.2042,40.8180,2.05961,7451.5,8.0809,-0.0684863,-1,12182,11008,-13,100,15.844,1008,No Data,No Data
03/07/2024 11:11:25.075,1,240,40.8144,40.8573,3.6905,56.1944,40.8144,2.06195,7453.15,8.04222,-0.0516288,-1,12171,11008,-90,100,15.846,1008,No Data,No Data
03/07/2024 11:11:26.068,1,239.985,40.8139,40.8570,3.6980,56.2042,40.8139,2.06099,7457.31,7.94736,-0.0698705,-1,12162,11008,-13,100,15.848,1008,No Data,No Data
03/07/2024 11:11:27.260,1,239.997,40.8145,40.8569,3.6760,56.2042,40.8145,2.06064,7465.87,8.1857,-0.0404974,-1,12161,11008,-110,100,15.850,1008,No Data,No Data
03/07/2024 11:11:28.253,1,239.997,40.8130,40.8571,3.6253,56.2042,40.8130,2.05929,7474.6,8.07492,-0.067836,-1,12174,11008,-16,100,15.854,1008,No Data,No Data
03/07/2024 11:11:29.246,1,240.012,40.8142,40.8579,3.5835,56.1944,40.8142,2.06381,7476.12,8.00962,-0.105821,-1,12181,10944,-112,100,15.856,1008,No Data,No Data
03/07/2024 11:11:30.240,1,239.996,40.8138,40.8566,3.5753,56.1944,40.8138,2.06378,7474.15,7.96201,-0.172442,-1,12176,11072,-12,100,15.857,1008,No Data,No Data
03/07/2024 11:11:31.233,1,239.996,40.8132,40.8574,3.5722,56.2042,40.8132,2.06464,7477.82,8.0393,-0.147472,-1,12174,11136,-73,100,15.857,1008,No Data,No Data
03/07/2024 11:11:32.226,1,239.975,40.8142,40.8578,3.6110,56.1944,40.8142,2.06513,7481.52,8.1903,-0.05736,-1,12162,11136,-15,100,15.856,1008,No Data,No Data
03/07/2024 11:11:33.220,1,239.99,40.8131,40.8574,3.6640,56.2042,40.8131,2.06662,7490.49,8.05678,0.00969073,-1,12160,11008,-86,100,15.856,1008,No Data,No Data
03/07/2024 11:11:34.213,1,240,40.8126,40.8578,3.7011,56.2042,40.8126,2.06684,7491.67,8.1576,0.0895477,-1,12165,11072,-19,100,15.856,1008,No Data,No Data
03/07/2024 11:11:35.206,1,240.007,40.8147,40.8567,3.7106,56.2042,40.8147,2.06848,7493.02,7.92766,0.0213223,-1,12181,11008,-85,100,15.856,1008,No Data,No Data
03/07/2024 11:11:36.199,1,239.981,40.8134,40.8579,3.7075,56.2042,40.8134,2.06537,7501,7.69999,-0.106375,-1,12178,11008,-14,100,15.858,1008,No Data,No Data
03/07/2024 11:11:37.193,1,239.992,40.8155,40.8576,3.6998,56.2042,40.8155,2.06838,7506.18,7.91569,-0.147452,-1,12166,10944,-102,100,15.858,1008,No Data,No Data
03/07/2024 11:11:38.186,1,240.008,40.8137,40.8575,3.6640,56.2042,40.8137,2.06653,7508.25,8.08877,-0.123138,-1,12159,11136,-19,100,15.858,1008,No Data,No Data
03/07/2024 11:11:39.179,1,240.002,40.8165,40.8575,3.7079,56.2042,40.8165,2.06807,7511.72,8.0103,-0.139844,-1,12159,11136,-19,100,15.855,1008,No Data,No Data
03/07/2024 11:11:40.173,1,240.004,40.8171,40.8583,3.7671,56.2042,40.8171,2.06765,7512.02,7.90189,-0.1956,-1,12155,11072,-93,100,15.855,1008,No Data,No Data
03/07/2024 11:11:41.166,1,239.992,40.8154,40.8567,3.7941,56.2042,40.8154,2.0703,7514.4,7.92329,-0.260274,-1,12174,11072,-13,100,15.856,1008,No Data,No Data
03/07/2024 11:11:42.159,1,239.994,40.8137,40.8579,3.7874,56.2042,40.8137,2.06721,7517.19,8.00166,-0.257125,-1,12181,11008,-90,100,15.860,1008,No Data,No Data
03/07/2024 11:11:43.152,1,239.996,40.8160,40.8575,3.7558,56.2042,40.8160,2.06781,7521.21,7.96468,-0.255484,-1,12179,11008,-10,100,15.864,1008,No Data,No Data
03/07/2024 11:11:44.146,1,240.005,40.8145,40.8578,3.7140,56.2042,40.8145,2.07059,7524.22,8.1012,-0.233266,-1,12161,11008,-104,100,15.867,1008,No Data,No Data
03/07/2024 11:11:45.139,1,239.985,40.8143,40.8586,3.5896,56.2042,40.8143,2.06863,7530.24,8.16551,-0.178331,-1,12162,11072,-76,100,15.870,1008,No Data,No Data
03/07/2024 11:11:46.232,1,240.033,40.8172,40.8578,3.4215,56.2042,40.8172,2.07134,7524.75,7.95169,-0.203091,-1,12179,11008,-26,100,15.873,1008,No Data,No Data
03/07/2024 11:11:47.423,1,239.997,40.8179,40.8579,3.2744,56.2042,40.8179,2.06841,7536.53,8.13132,-0.198109,-1,12177,11136,-97,100,15.878,1008,No Data,No Data
03/07/2024 11:11:48.417,1,239.989,40.8145,40.8580,3.1798,56.2042,40.8145,2.06949,7542.64,7.78729,-0.233162,-1,12180,11008,-28,100,15.881,1008,No Data,No Data
03/07/2024 11:11:49.410,1,240.016,40.8187,40.8583,3.1366,56.2042,40.8187,2.07039,7541.76,7.71826,-0.278464,-1,12154,10944,-104,100,15.883,1008,No Data,No Data
03/07/2024 11:11:50.403,1,240.005,40.8159,40.8587,3.1010,56.2042,40.8159,2.07083,7534.95,8.13994,-0.253276,-1,12169,11008,-22,100,15.885,1008,No Data,No Data
03/07/2024 11:11:51.397,1,239.986,40.8166,40.8580,3.0519,56.2042,40.8166,2.06985,7537.67,8.16758,-0.352232,-1,12156,10944,-84,100,15.891,1008,No Data,No Data
03/07/2024 11:11:52.390,1,240.01,40.8175,40.8569,3.0505,56.2042,40.8175,2.0704,7537.88,8.06215,-0.25236,-1,12180,11008,-19,100,15.896,1008,No Data,No Data
03/07/2024 11:11:53.383,1,239.997,40.8173,40.8577,3.0331,56.2042,40.8173,2.0724,7536.73,7.97173,-0.186384,-1,12176,11008,-70,100,15.899,1008,No Data,No Data
03/07/2024 11:11:54.376,1,239.983,40.8182,40.8576,2.9702,56.2042,40.8182,2.07072,7539.65,7.75604,-0.214521,-1,12178,11008,-126,100,15.902,1008,No Data,No Data
03/07/2024 11:11:55.370,1,240.01,40.8201,40.8577,2.8513,56.2042,40.8201,2.07306,7536.24,8.05867,-0.173683,-1,12155,11136,7,100,15.903,1008,No Data,No Data
03/07/2024 11:11:56.363,1,240.002,40.8181,40.8569,2.7847,56.2042,40.8181,2.07213,7536.24,8.26554,-0.119215,-1,12153,11008,-141,100,15.905,1008,No Data,No Data
03/07/2024 11:11:57.456,1,239.997,40.8203,40.8587,2.7376,56.2042,40.8203,2.07047,7540.22,7.82343,-0.057905,-1,12160,11008,0,100,15.905,1008,No Data,No Data
03/07/2024 11:11:58.449,1,240.032,40.8227,40.8571,2.6471,56.2042,40.8227,2.07178,7533.29,7.84399,-0.0473389,-1,12181,11136,-134,100,15.906,1008,No Data,No Data
03/07/2024 11:11:59.442,1,240.006,40.8240,40.8567,2.5353,56.2042,40.8240,2.07306,7536.72,8.22872,0.0472882,-1,12177,10944,1,100,15.905,1008,No Data,No Data
03/07/2024 11:12:00.435,1,239.985,40.8191,40.8567,2.3880,56.2042,40.8191,2.07424,7543.66,7.98712,0.0223976,-1,12179,10944,-111,100,15.909,1008,No Data,No Data
03/07/2024 11:12:01.429,1,240.01,40.8183,40.8579,2.2663,56.2042,40.8183,2.07278,7544.74,8.08056,0.0644872,-1,12157,11008,0,100,15.909,1008,No Data,No Data
03/07/2024 11:12:02.422,1,240.01,40.8171,40.8575,2.1503,56.2042,40.8171,2.07313,7539.89,7.77377,0.080833,-1,12156,11008,-112,100,15.910,1008,No Data,No Data
03/07/2024 11:12:03.415,1,240.001,40.8192,40.8576,1.9632,56.2042,40.8192,2.07323,7535.21,7.90791,0.0797609,-1,12159,11008,-8,100,15.913,1008,No Data,No Data
03/07/2024 11:12:04.409,1,239.984,40.8147,40.8576,1.8540,56.2042,40.8147,2.07274,7536.57,7.8754,0.116343,-1,12178,11008,-133,100,15.914,1008,No Data,No Data
03/07/2024 11:12:05.402,1,240.005,40.8171,40.8579,1.7813,56.2042,40.8171,2.07469,7537.31,7.91041,0.0765558,-1,12178,11008,-133,100,15.916,1008,No Data,No Data
03/07/2024 11:12:06.395,1,239.994,40.8170,40.8573,1.7567,56.2042,40.8170,2.07334,7539.76,8.01251,-0.0626389,-1,12182,11008,-87,100,15.916,1008,No Data,No Data
03/07/2024 11:12:07.388,1,240.033,40.8198,40.8577,1.7554,56.2042,40.8198,2.07509,7531.98,8.02085,-0.0638295,-1,12164,11072,-55,100,15.916,1008,No Data,No Data
03/07/2024 11:12:08.382,1,239.994,40.8174,40.8573,1.8183,56.2042,40.8174,2.07281,7531.89,8.05955,-0.00266297,-1,12152,11072,-69,100,15.918,1008,No Data,No Data
03/07/2024 11:12:09.375,1,240.002,40.8198,40.8575,1.9199,56.2042,40.8198,2.07279,7531.9,7.78036,-0.0264844,-1,12164,11008,-54,100,15.919,1008,No Data,No Data
03/07/2024 11:12:10.368,1,240.033,40.8225,40.8574,1.9354,56.2042,40.8225,2.07664,7512.6,8.02058,-0.0368432,-1,12170,11008,-28,100,15.920,1008,No Data,No Data
03/07/2024 11:12:11.362,1,239.958,40.8182,40.8571,1.8964,56.2042,40.8182,2.0745,7518.47,8.02291,-0.0345069,-1,12172,11008,-86,100,15.924,1008,No Data,No Data
03/07/2024 11:12:12.355,1,239.994,40.8166,40.8580,1.8008,56.2042,40.8166,2.07455,7514.47,8.0179,-0.0194863,-1,12168,11072,4,100,15.926,1008,No Data,No Data
03/07/2024 11:12:13.348,1,240.001,40.8163,40.8577,1.7367,56.2042,40.8163,2.073,7513.03,7.90005,-0.0405062,-1,12181,11072,-144,100,15.928,1008,No Data,No Data
03/07/2024 11:12:14.341,1,240.006,40.8219,40.8570,1.7257,56.2042,40.8219,2.07365,7511.12,8.20077,0.0171394,-1,12174,11008,0,100,15.928,1008,No Data,No Data
03/07/2024 11:12:15.335,1,239.995,40.8182,40.8575,1.8015,56.2042,40.8182,2.07328,7505.99,8.17601,0.121673,-1,12182,11008,-96,100,15.928,1008,No Data,No Data
03/07/2024 11:12:16.527,1,239.998,40.8153,40.8573,1.8610,56.2042,40.8153,2.07569,7500.26,7.87192,0.0680439,-1,12160,11008,-8,100,15.929,1008,No Data,No Data
03/07/2024 11:12:17.520,1,239.989,40.8179,40.8580,1.8838,56.2042,40.8179,2.07509,7498.81,7.87542,0.124561,-1,12155,10944,-118,100,15.929,1008,No Data,No Data
03/07/2024 11:12:18.513,1,240.006,40.8193,40.8584,1.8933,56.2042,40.8193,2.07223,7491.26,7.80567,0.0607032,-1,12154,11008,-16,100,15.930,1008,No Data,No Data
03/07/2024 11:12:19.506,1,240.013,40.8179,40.8582,1.9294,56.2140,40.8179,2.07538,7494.76,8.03318,-0.0200434,-1,12178,11008,-120,100,15.933,1008,No Data,No Data
03/07/2024 11:12:20.500,1,239.996,40.8213,40.8578,1.9823,56.2140,40.8213,2.07336,7490.01,7.88965,0.0315901,-1,12182,11008,-20,100,15.934,1008,No Data,No Data
03/07/2024 11:12:21.493,1,239.989,40.8231,40.8565,2.0679,56.2140,40.8231,2.07389,7491.38,7.71849,0.116101,-1,12182,11072,-80,100,15.933,1008,No Data,No Data
03/07/2024 11:12:22.486,1,240.001,40.8240,40.8570,2.1578,56.2042,40.8240,2.07156,7490.5,7.91694,0.186375,-1,12170,11072,-74,100,15.935,1008,No Data,No Data
03/07/2024 11:12:23.480,1,240.018,40.8242,40.8577,2.1883,56.2042,40.8242,2.07463,7477.22,8.02381,0.199794,-1,12157,11072,-45,100,15.939,1008,No Data,No Data
03/07/2024 11:12:24.473,1,240.001,40.8211,40.8579,2.2108,56.2042,40.8211,2.07514,7476.78,7.82021,0.0667733,-1,12167,11008,-80,100,15.942,1008,No Data,No Data
03/07/2024 11:12:25.466,1,239.987,40.8245,40.8567,2.1933,56.2042,40.8245,2.07368,7479.14,7.89486,0.0760485,-1,12164,11200,-31,100,15.945,992,No Data,No Data
03/07/2024 11:12:26.459,1,239.996,40.8255,40.8581,2.1835,56.2042,40.8255,2.07091,7486.53,7.8933,0.197674,-1,12174,11200,-111,100,15.947,992,No Data,No Data
03/07/2024 11:12:27.453,1,240.019,40.8229,40.8579,2.2039,56.2042,40.8229,2.07441,7475.76,7.906,0.12907,-1,12179,10944,-118,100,15.951,992,No Data,No Data
03/07/2024 11:12:28.446,1,239.994,40.8217,40.8568,2.1701,56.2042,40.8217,2.07405,7477.08,7.66814,0.0666857,-1,12179,10944,-118,100,15.952,992,No Data,No Data
03/07/2024 11:12:29.439,1,240.001,40.8253,40.8575,2.1288,56.2042,40.8253,2.07381,7469.56,7.88991,0.121046,-1,12173,11008,-21,100,15.952,992,No Data,No Data
03/07/2024 11:12:30.432,1,239.985,40.8151,40.8567,2.1228,56.2042,40.8151,2.07539,7471.18,7.57144,-0.00812003,-1,12170,11008,-75,100,15.952,992,No Data,No Data
