Model:	LI-7820
SN:	TG20-01079
Software Version:	2.1.41
Timestamp:	2022-09-28 10:34:19
Timezone:	Europe/Copenhagen
DATAH	SECONDS	NANOSECONDS	NDX	DIAG	REMARK	DATE	TIME	H2O	N2O	CAVITY_P	CAVITY_T	LASER_PHASE_P	LASER_T	RESIDUAL	RING_DOWN_TIME	THERMAL_ENCLOSURE_T	PHASE_ERROR	LASER_T_SHIFT	INPUT_VOLTAGE	CHK
DATAU	secs	nsecs	index	diag		date	time	ppm	ppb	kPa	°C	kPa	°C		µsecs	°C	counts	°C	V	CHK
DATA	1664361470	560526132	74125	0	""	2022-09-28	12:37:50	11476.088	347.71262	39.8265	55.0003	31.6147	34.8853	0.00217898	38.4517	54.4998	3.9	-0.10586	14.2748	 93
DATA	1664361471	560526132	74135	0	""	2022-09-28	12:37:51	11475.137	347.39243	39.8285	55.0003	31.616	34.8853	0.00218072	38.453	54.4998	-11.1	-0.10586	14.2747	 57
DATA	1664361472	560413837	74145	0	""	2022-09-28	12:37:52	11478.623	347.02863	39.8265	55.0003	31.6149	34.8853	0.00217136	38.4533	54.4998	-1.9	-0.10586	14.2743	127
DATA	1664361473	560413837	74155	0	""	2022-09-28	12:37:53	11479.056	346.65683	39.8269	55.0003	31.6139	34.8853	0.00217199	38.4537	54.4998	11.6	-0.10586	14.2743	156
DATA	1664361474	560413837	74165	0	""	2022-09-28	12:37:54	11479.103	346.73883	39.8277	55.0003	31.6141	34.8853	0.00217393	38.4515	54.4998	19.5	-0.10586	14.2743	144
DATA	1664361475	560265064	74175	0	""	2022-09-28	12:37:55	11479.831	346.83951	39.8273	55.0003	31.6154	34.8853	0.00217631	38.4496	54.4998	8	-0.10586	14.274	208
DATA	1664361476	560265064	74185	0	""	2022-09-28	12:37:56	11480.143	347.04291	39.8273	55.0003	31.6146	34.8853	0.00217237	38.4515	54.4998	0.1	-0.10586	14.2743	 67
DATA	1664361477	560265064	74195	0	""	2022-09-28	12:37:57	11479.558	347.32965	39.8275	55.0003	31.6156	34.8853	0.00217817	38.4516	54.4998	-7.7	-0.10586	14.2743	163
DATA	1664361478	560148000	74205	0	""	2022-09-28	12:37:58	11481.627	347.20126	39.827	55.0003	31.6134	34.8853	0.00217116	38.4513	54.4998	-2.3	-0.10586	14.274	251
DATA	1664361479	560148000	74215	0	""	2022-09-28	12:37:59	11481.263	347.04434	39.827	55.0003	31.6138	34.8853	0.00217888	38.4542	54.4998	-27.3	-0.10586	14.274	 75
DATA	1664361480	560148000	74225	0	""	2022-09-28	12:38:00	11480.585	347.04852	39.8277	55.0003	31.6159	34.8853	0.0021751	38.4503	54.4998	-24.5	-0.10586	14.274	 53
DATA	1664361481	560024976	74235	0	""	2022-09-28	12:38:01	11482.046	347.57526	39.828	55.0003	31.6144	34.8853	0.00217909	38.45	54.4998	-14.4	-0.10586	14.2737	 24
DATA	1664361482	560024976	74245	0	""	2022-09-28	12:38:02	11483.049	347.39185	39.8275	55.0003	31.6142	34.8853	0.00218437	38.4519	54.4998	6.9	-0.10586	14.2737	 98
DATA	1664361483	560024976	74255	0	""	2022-09-28	12:38:03	11482.242	347.03415	39.827	55.0003	31.6146	34.8853	0.00218239	38.4494	54.4998	-9.8	-0.10586	14.2736	 81
DATA	1664361484	559900045	74265	0	""	2022-09-28	12:38:04	11481.144	346.81442	39.8283	55.0003	31.6154	34.8853	0.00218376	38.4513	54.4998	-13.7	-0.10586	14.2734	172
DATA	1664361485	559900045	74275	0	""	2022-09-28	12:38:05	11483.349	347.64194	39.8277	55.0003	31.6151	34.8853	0.00217405	38.4515	54.4998	-23.1	-0.10586	14.2723	177
DATA	1664361486	559900045	74285	0	""	2022-09-28	12:38:06	11482.596	347.37915	39.828	55.0003	31.6162	34.8853	0.00217547	38.4504	54.4998	-29.3	-0.10586	14.2732	145
DATA	1664361487	559769153	74295	0	""	2022-09-28	12:38:07	11482.975	346.95383	39.8277	55.0003	31.6162	34.8853	0.00217944	38.4501	54.4998	-12.3	-0.10586	14.2728	213
DATA	1664361488	559769153	74305	0	""	2022-09-28	12:38:08	11483.913	347.37692	39.8273	55.0003	31.6156	34.8853	0.00218646	38.4514	54.4998	-52.9	-0.10586	14.2728	213
DATA	1664361489	559769153	74315	0	""	2022-09-28	12:38:09	11484.072	346.86963	39.8282	55.0003	31.6136	34.8853	0.0021872	38.4531	54.4998	40.5	-0.10586	14.2731	101
DATA	1664361490	559643030	74325	0	""	2022-09-28	12:38:10	11482.284	347.47824	39.8275	55.0003	31.6126	34.8853	0.00218598	38.4529	54.4998	3.2	-0.10586	14.2728	 91
DATA	1664361491	559643030	74335	0	""	2022-09-28	12:38:11	11483.008	347.25812	39.8269	55.0003	31.6147	34.8853	0.00218788	38.4513	54.4998	-5.4	-0.10586	14.2728	131
DATA	1664361492	559643030	74345	0	""	2022-09-28	12:38:12	11483.383	346.9285	39.8272	55.0003	31.6141	34.8853	0.00218697	38.4497	54.4998	-16.5	-0.10586	14.2721	139
DATA	1664361493	559517145	74355	0	""	2022-09-28	12:38:13	11485.822	346.85532	39.8267	55.0003	31.6146	34.8853	0.0021817	38.4503	54.4998	-18.2	-0.10586	14.2725	134
DATA	1664361494	559517145	74365	0	""	2022-09-28	12:38:14	11486.315	347.11041	39.8272	55.0003	31.6128	34.8853	0.00218238	38.4518	54.4998	13.1	-0.10586	14.272	 71
DATA	1664361495	559517145	74375	0	""	2022-09-28	12:38:15	11486.726	346.72977	39.827	55.0003	31.6131	34.8853	0.00217212	38.4529	54.4998	15.4	-0.10586	14.2718	101
DATA	1664361496	559392213	74385	0	""	2022-09-28	12:38:16	11500.985	346.74564	39.8275	55.0003	31.6126	34.8853	0.00217695	38.4515	54.4998	8.3	-0.10586	14.272	 54
DATA	1664361497	559392213	74395	0	""	2022-09-28	12:38:17	11558.675	346.83563	39.8278	55.0003	31.6125	34.8853	0.00218642	38.4504	54.4998	16.2	-0.10586	14.2721	153
DATA	1664361498	559392213	74405	0	""	2022-09-28	12:38:18	11556.354	346.9975	39.8272	55.0003	31.6133	34.8853	0.00219312	38.4484	54.4998	6.3	-0.10586	14.2718	 49
DATA	1664361499	559262990	74415	0	""	2022-09-28	12:38:19	11550.661	346.918	39.8277	55.0003	31.6133	34.8853	0.00219135	38.4508	54.4998	-30.1	-0.10586	14.2714	 84
DATA	1664361500	559262990	74425	0	""	2022-09-28	12:38:20	11544.619	346.75262	39.8282	55.0003	31.6123	34.8853	0.00219281	38.4502	54.4998	-12.1	-0.10586	14.2717	160
DATA	1664361501	559262990	74435	0	""	2022-09-28	12:38:21	11545.873	344.78101	39.8273	55.0003	31.6131	34.8853	0.00217985	38.4502	54.4998	-24.8	-0.10586	14.2712	172
DATA	1664361502	559134006	74445	0	""	2022-09-28	12:38:22	11547.249	344.26971	39.8272	55.0003	31.6118	34.8853	0.00216979	38.4494	54.4998	-21.8	-0.10586	14.2709	187
DATA	1664361503	559134006	74455	0	""	2022-09-28	12:38:23	11547.296	344.2265	39.8273	55.0003	31.6105	34.8853	0.00217739	38.4492	54.4998	-17.1	-0.10586	14.2712	116
DATA	1664361504	559134006	74465	0	""	2022-09-28	12:38:24	11548.365	344.37253	39.828	55.0003	31.6089	34.8853	0.002171	38.452	54.4998	28.2	-0.10586	14.2712	175
DATA	1664361505	559006214	74475	0	""	2022-09-28	12:38:25	11545.148	344.64188	39.8272	55.0003	31.6095	34.8853	0.00216456	38.452	54.4998	41.8	-0.10586	14.2712	 80
DATA	1664361506	559006214	74485	0	""	2022-09-28	12:38:26	11535.761	344.47076	39.827	55.0003	31.6121	34.8853	0.00216503	38.4504	54.4998	-3.2	-0.10586	14.2712	 52
DATA	1664361507	559006214	74495	0	""	2022-09-28	12:38:27	11523.123	344.72855	39.8267	55.0003	31.6115	34.8853	0.00216407	38.4507	54.4998	-7.5	-0.10586	14.2709	123
DATA	1664361508	558883190	74505	0	""	2022-09-28	12:38:28	11514.491	344.66888	39.8272	55.0003	31.6125	34.8853	0.00216524	38.4499	54.4998	11.5	-0.10586	14.2709	154
DATA	1664361509	558883190	74515	0	""	2022-09-28	12:38:29	11509.94	344.16129	39.827	55.0003	31.6125	34.8853	0.00216808	38.4494	54.4998	-2.2	-0.10586	14.2707	 37
DATA	1664361510	558883190	74525	0	""	2022-09-28	12:38:30	11511.024	344.53998	39.827	55.0003	31.6121	34.8853	0.00217099	38.4502	54.4998	-14.6	-0.10586	14.2707	115
DATA	1664361511	558760166	74535	0	""	2022-09-28	12:38:31	11518.959	344.54584	39.8275	55.0003	31.6131	34.8853	0.00216735	38.4489	54.4998	-25.8	-0.10586	14.2704	196
DATA	1664361512	558760166	74545	0	""	2022-09-28	12:38:32	11529.842	344.39883	39.827	55.0003	31.6123	34.8853	0.00217105	38.4501	54.4998	-21.1	-0.10586	14.2699	124
DATA	1664361513	558760166	74555	0	""	2022-09-28	12:38:33	11539.641	345.03348	39.827	55.0003	31.612	34.8853	0.00216186	38.4483	54.4998	-20.9	-0.10586	14.2706	 75
DATA	1664361514	558620214	74565	0	""	2022-09-28	12:38:34	11552.167	344.45929	39.8269	55.0003	31.6129	34.8853	0.00215975	38.4486	54.4998	-50.3	-0.10586	14.2703	190
DATA	1664361515	558620214	74575	0	""	2022-09-28	12:38:35	11566.565	344.93137	39.8277	55.0003	31.6129	34.8853	0.00216244	38.4494	54.4998	-22.7	-0.10586	14.2703	185
DATA	1664361516	558620214	74585	0	""	2022-09-28	12:38:36	11582.999	344.793	39.828	55.0003	31.6108	34.8853	0.00216813	38.4483	54.4998	-65.7	-0.10586	14.2707	 51
DATA	1664361517	558494091	74595	0	""	2022-09-28	12:38:37	11600.115	345.63574	39.8267	55.0003	31.6089	34.8853	0.00216803	38.4483	54.4998	16.4	-0.10586	14.2699	158
DATA	1664361518	558494091	74605	0	""	2022-09-28	12:38:38	11616.674	344.86234	39.8273	55.0003	31.6105	34.8853	0.0021733	38.4462	54.4998	-9.1	-0.10586	14.2695	 89
DATA	1664361519	558494091	74615	0	""	2022-09-28	12:38:39	11634.604	345.10165	39.8278	55.0003	31.6095	34.8853	0.00217476	38.4482	54.4998	-10.7	-0.10586	14.269	143
DATA	1664361520	558376789	74625	0	""	2022-09-28	12:38:40	11650.202	344.5144	39.8275	55.0003	31.6094	34.8853	0.00217939	38.4458	54.4998	20.3	-0.10586	14.2696	 94
DATA	1664361521	558376789	74635	0	""	2022-09-28	12:38:41	11666.049	344.60376	39.8278	55.0003	31.6098	34.8853	0.00217573	38.4456	54.4998	-25.3	-0.10586	14.2696	218
DATA	1664361522	558376789	74645	0	""	2022-09-28	12:38:42	11680.161	344.25369	39.8273	55.0003	31.6102	34.8853	0.00218049	38.4453	54.4998	13.8	-0.10586	14.2698	151
DATA	1664361523	558245182	74655	0	""	2022-09-28	12:38:43	11697.733	343.91602	39.8283	55.0003	31.6113	34.8853	0.00218051	38.4449	54.4998	-30	-0.10586	14.2696	 82
DATA	1664361524	558245182	74665	0	""	2022-09-28	12:38:44	11708.815	344.69574	39.827	55.0003	31.6084	34.8853	0.00218092	38.4456	54.4998	4.9	-0.10586	14.2696	 62
DATA	1664361525	558245182	74675	0	""	2022-09-28	12:38:45	11723.746	344.84756	39.8272	55.0003	31.6102	34.8853	0.00218101	38.4438	54.4998	16.3	-0.10586	14.2693	138
DATA	1664361526	558118104	74685	0	""	2022-09-28	12:38:46	11739.415	344.69427	39.8273	55.0003	31.6102	34.8853	0.00217911	38.4408	54.4998	-25.7	-0.10586	14.2693	187
DATA	1664361527	558118104	74695	0	""	2022-09-28	12:38:47	11752.633	344.1203	39.8272	55.0003	31.6079	34.8853	0.00218084	38.4445	54.4998	-34.5	-0.10586	14.2687	133
DATA	1664361528	558118104	74705	0	""	2022-09-28	12:38:48	11765.045	344.72287	39.8277	55.0003	31.6064	34.8853	0.00218286	38.4456	54.4998	34.8	-0.10586	14.2687	159
DATA	1664361529	557988166	74715	0	""	2022-09-28	12:38:49	11777.312	344.55984	39.8269	55.0003	31.6063	34.8853	0.00218228	38.4444	54.4998	-14.5	-0.10586	14.2682	217
DATA	1664361530	557988166	74725	0	""	2022-09-28	12:38:50	11788.043	344.54633	39.8275	55.0003	31.6084	34.8853	0.00218184	38.442	54.4998	34.7	-0.10586	14.2684	103
DATA	1664361531	557988166	74735	0	""	2022-09-28	12:38:51	11798.332	344.91849	39.8277	55.0003	31.6087	34.8853	0.00218794	38.4409	54.4998	-35.3	-0.10586	14.2685	228
DATA	1664361532	557862043	74745	0	""	2022-09-28	12:38:52	11808.105	344.92233	39.8273	55.0003	31.6067	34.8853	0.00218601	38.4436	54.4998	15.7	-0.10586	14.2681	128
DATA	1664361533	557862043	74755	0	""	2022-09-28	12:38:53	11819.859	344.59369	39.8273	55.0003	31.6051	34.8853	0.00218267	38.4449	54.4998	33.2	-0.10586	14.2681	162
DATA	1664361534	557862043	74765	0	""	2022-09-28	12:38:54	11831.15	344.00775	39.8269	55.0003	31.6051	34.8853	0.00217891	38.4437	54.4998	22.9	-0.10586	14.2679	 98
DATA	1664361535	557736158	74775	0	""	2022-09-28	12:38:55	11840.104	344.75354	39.8275	55.0003	31.6048	34.8853	0.00218299	38.4452	54.4998	18.2	-0.10586	14.2676	158
DATA	1664361536	557736158	74785	0	""	2022-09-28	12:38:56	11849.04	344.81314	39.8278	55.0003	31.6049	34.8853	0.00219106	38.4414	54.4998	17.1	-0.10586	14.2671	 97
DATA	1664361537	557736158	74795	0	""	2022-09-28	12:38:57	11858.486	344.53952	39.8273	55.0003	31.6061	34.8853	0.0021919	38.4421	54.4998	0	-0.10586	14.2681	217
DATA	1664361538	557607173	74805	0	""	2022-09-28	12:38:58	11868.618	344.88354	39.8272	55.0003	31.6067	34.8853	0.0021946	38.4401	54.4998	-10.1	-0.10586	14.2681	143
DATA	1664361539	557607173	74815	0	""	2022-09-28	12:38:59	11877.138	344.88171	39.8272	55.0003	31.6061	34.8853	0.00219352	38.4411	54.4998	-22	-0.10586	14.2677	 96
DATA	1664361540	557607173	74825	0	""	2022-09-28	12:39:00	11889.133	345.00113	39.828	55.0003	31.6063	34.8853	0.00219136	38.4404	54.4998	23.9	-0.10586	14.2677	 69
DATA	1664361541	557485103	74835	0	""	2022-09-28	12:39:01	11896.041	344.77518	39.8277	55.0003	31.6063	34.8853	0.00218753	38.4398	54.4998	4.2	-0.10586	14.2677	101
DATA	1664361542	557485103	74845	0	""	2022-09-28	12:39:02	11904.364	344.5567	39.827	55.0003	31.6045	34.8853	0.002195	38.4393	54.4998	-7.7	-0.10586	14.2677	193
DATA	1664361543	557485103	74855	0	""	2022-09-28	12:39:03	11910.937	344.5676	39.8278	55.0003	31.6051	34.8853	0.00219636	38.4397	54.4998	-2.2	-0.10586	14.2676	 96
DATA	1664361544	557361125	74865	0	""	2022-09-28	12:39:04	11918.299	344.90857	39.8275	55.0003	31.6063	34.8853	0.0021908	38.4388	54.4998	19.4	-0.10586	14.2668	117
DATA	1664361545	557361125	74875	0	""	2022-09-28	12:39:05	11925.283	345.16672	39.8272	55.0003	31.6033	34.8853	0.00219427	38.4397	54.4998	-18.5	-0.10586	14.2668	197
DATA	1664361546	557361125	74885	0	""	2022-09-28	12:39:06	11932.145	344.96518	39.8272	55.0003	31.6038	34.8853	0.00219135	38.4404	54.4998	24.2	-0.10586	14.2662	134
DATA	1664361547	557233095	74895	0	""	2022-09-28	12:39:07	11940.804	344.9472	39.8272	55.0003	31.6046	34.8853	0.00218879	38.4383	54.4998	-10.9	-0.10586	14.2665	156
DATA	1664361548	557233095	74905	0	""	2022-09-28	12:39:08	11948.171	344.61316	39.8275	55.0002	31.6049	34.8853	0.002195	38.438	54.4998	-0.8	-0.10586	14.2665	244
DATA	1664361549	557233095	74915	0	""	2022-09-28	12:39:09	11954.684	344.98578	39.827	55.0003	31.6059	34.8853	0.00219449	38.4378	54.4998	-26.7	-0.10586	14.2665	184
DATA	1664361550	557106018	74925	0	""	2022-09-28	12:39:10	11960.379	344.91656	39.827	55.0003	31.6048	34.8853	0.00219799	38.4393	54.4998	40.5	-0.10586	14.2665	103
DATA	1664361551	557106018	74935	0	""	2022-09-28	12:39:11	11963.909	344.50391	39.8278	55.0003	31.6048	34.8853	0.00219962	38.4371	54.4998	-28.3	-0.10586	14.266	139
DATA	1664361552	557106018	74945	0	""	2022-09-28	12:39:12	11968.657	344.91409	39.8275	55.0003	31.604	34.8853	0.0021998	38.4375	54.4998	-3.4	-0.10586	14.266	251
DATA	1664361553	556976079	74955	0	""	2022-09-28	12:39:13	11974.144	345.25113	39.8282	55.0003	31.6036	34.8853	0.00219853	38.437	54.4998	2.9	-0.10586	14.2665	 54
DATA	1664361554	556976079	74965	0	""	2022-09-28	12:39:14	11979.081	344.80722	39.827	55.0003	31.6043	34.8853	0.00219814	38.4366	54.4998	44.7	-0.10586	14.2668	120
DATA	1664361555	556976079	74975	0	""	2022-09-28	12:39:15	11983.853	345.09119	39.8273	55.0003	31.6056	34.8853	0.00219679	38.4369	54.4998	-46.2	-0.10586	14.266	180
DATA	1664361556	556847095	74985	0	""	2022-09-28	12:39:16	11989.05	345.25412	39.8272	55.0003	31.6045	34.8853	0.00219879	38.4357	54.4998	6	-0.10586	14.2662	228
DATA	1664361557	556847095	74995	0	""	2022-09-28	12:39:17	11995.855	344.737	39.8282	55.0003	31.6061	34.8853	0.00220084	38.4354	54.4998	8.4	-0.10586	14.266	221
DATA	1664361558	556847095	75005	0	""	2022-09-28	12:39:18	11997.228	345.25018	39.8273	55.0003	31.6054	34.8853	0.00220398	38.436	54.4998	6.3	-0.10586	14.266	254
DATA	1664361559	556730031	75015	0	""	2022-09-28	12:39:19	12003.158	344.63147	39.8277	55.0003	31.6048	34.8853	0.00219333	38.4368	54.4998	-22.5	-0.10586	14.2659	176
DATA	1664361560	556730031	75025	0	""	2022-09-28	12:39:20	12008.394	344.61978	39.8267	55.0003	31.6032	34.8853	0.00219466	38.4381	54.4998	8.2	-0.10586	14.2654	 75
DATA	1664361561	556730031	75035	0	""	2022-09-28	12:39:21	12012.689	344.38455	39.8277	55.0003	31.6038	34.8853	0.00219353	38.4365	54.4998	38.8	-0.10586	14.2652	133
DATA	1664361562	556600093	75045	0	""	2022-09-28	12:39:22	12020.414	344.79214	39.8277	55.0003	31.6054	34.8853	0.0021937	38.4357	54.4998	-39	-0.10586	14.2649	 23
DATA	1664361563	556600093	75055	0	""	2022-09-28	12:39:23	12024.305	344.57779	39.828	55.0003	31.6041	34.8853	0.00219875	38.4361	54.4998	1.6	-0.10586	14.2652	 26
DATA	1664361564	556600093	75065	0	""	2022-09-28	12:39:24	12031.634	344.67166	39.8275	55.0003	31.6038	34.8853	0.00219827	38.4375	54.4998	-1.5	-0.10586	14.2649	133
DATA	1664361565	556468009	75075	0	""	2022-09-28	12:39:25	12037.612	344.63177	39.8277	55.0003	31.6053	34.8853	0.00219724	38.4348	54.4998	-36.7	-0.10586	14.2649	198
DATA	1664361566	556468009	75085	0	""	2022-09-28	12:39:26	12043.615	344.17441	39.8267	55.0003	31.6033	34.8853	0.00220487	38.4355	54.4998	5.4	-0.10586	14.2652	 81
DATA	1664361567	556468009	75095	0	""	2022-09-28	12:39:27	12047.852	344.68707	39.8275	55.0003	31.6035	34.8853	0.00220924	38.4356	54.4998	14.9	-0.10586	14.2646	156
DATA	1664361568	556343078	75105	0	""	2022-09-28	12:39:28	12053.709	344.57504	39.827	55.0003	31.6027	34.8853	0.00220104	38.4361	54.4998	9.5	-0.10586	14.2645	 24
DATA	1664361569	556343078	75115	0	""	2022-09-28	12:39:29	12056.087	344.53357	39.8278	55.0003	31.6035	34.8853	0.00219849	38.4347	54.4998	-9.4	-0.10586	14.2645	158
DATA	1664361570	556343078	75125	0	""	2022-09-28	12:39:30	12059.484	344.20834	39.828	55.0003	31.6043	34.8853	0.00220269	38.433	54.4998	-8.5	-0.10586	14.2648	 20
DATA	1664361571	556217193	75135	0	""	2022-09-28	12:39:31	12064.05	344.41467	39.8275	55.0003	31.6053	34.8853	0.00220422	38.4334	54.4998	4.2	-0.10586	14.2649	  8
DATA	1664361572	556217193	75145	0	""	2022-09-28	12:39:32	12066.346	344.27353	39.8273	55.0003	31.6053	34.8853	0.00220523	38.4331	54.4998	8.3	-0.10586	14.2646	 66
DATA	1664361573	556217193	75155	0	""	2022-09-28	12:39:33	12071.338	344.56235	39.8277	55.0003	31.6023	34.8853	0.00220864	38.437	54.4998	7.9	-0.10586	14.2646	 36
DATA	1664361574	556088209	75165	0	""	2022-09-28	12:39:34	12073.634	344.59024	39.8273	55.0003	31.6017	34.8853	0.00220053	38.4364	54.4998	35.2	-0.10586	14.2643	122
DATA	1664361575	556088209	75175	0	""	2022-09-28	12:39:35	12076.197	344.92673	39.8272	55.0003	31.6022	34.8853	0.00220451	38.4356	54.4998	7.5	-0.10586	14.264	 40
DATA	1664361576	556088209	75185	0	""	2022-09-28	12:39:36	12079.295	344.81598	39.8275	55.0003	31.6018	34.8853	0.00220777	38.4336	54.4998	3.7	-0.10586	14.264	 64
DATA	1664361577	555965185	75195	0	""	2022-09-28	12:39:37	12085.107	344.89102	39.8277	55.0003	31.6022	34.8853	0.00220116	38.434	54.4998	-24.8	-0.10586	14.2643	130
DATA	1664361578	555965185	75205	0	""	2022-09-28	12:39:38	12084.634	344.78174	39.8283	55.0003	31.6038	34.8853	0.00220895	38.4352	54.4998	30.2	-0.10586	14.2632	148
DATA	1664361579	555965185	75215	0	""	2022-09-28	12:39:39	12088.758	344.89474	39.827	55.0003	31.6017	34.8853	0.00220701	38.4341	54.4998	16.6	-0.10586	14.2634	106
DATA	1664361580	555843114	75225	0	""	2022-09-28	12:39:40	12090.369	344.42932	39.8277	55.0003	31.6023	34.8853	0.0022052	38.4333	54.4998	-23.1	-0.10586	14.264	 48
DATA	1664361581	555843114	75235	0	""	2022-09-28	12:39:41	12092.726	344.89407	39.8275	55.0003	31.5983	34.8853	0.00220445	38.4362	54.4998	3.2	-0.10586	14.2637	 86
DATA	1664361582	555843114	75245	0	""	2022-09-28	12:39:42	12096.671	344.76218	39.8269	55.0003	31.6007	34.8853	0.00220605	38.4339	54.4998	45.7	-0.10586	14.2634	137
DATA	1664361583	555714130	75255	0	""	2022-09-28	12:39:43	12098.581	344.83463	39.8272	55.0003	31.6015	34.8853	0.00220187	38.4336	54.4998	10.9	-0.10586	14.2634	126
DATA	1664361584	555714130	75265	0	""	2022-09-28	12:39:44	12098.169	344.9166	39.8267	55.0003	31.6032	34.8853	0.0022061	38.4331	54.4998	-27.7	-0.10586	14.2629	 77
DATA	1664361585	555714130	75275	0	""	2022-09-28	12:39:45	12102.615	344.70718	39.8272	55.0003	31.6032	34.8853	0.00220765	38.4324	54.4998	2	-0.10586	14.2629	223
DATA	1664361586	555585145	75285	0	""	2022-09-28	12:39:46	12105.801	344.53955	39.8278	55.0003	31.6023	34.8853	0.0022088	38.433	54.4998	-16	-0.10586	14.263	189
DATA	1664361587	555585145	75295	0	""	2022-09-28	12:39:47	12107.401	344.53708	39.8267	55.0003	31.6014	34.8853	0.00221114	38.4335	54.4998	6.6	-0.10586	14.2627	 80
DATA	1664361588	555585145	75305	0	""	2022-09-28	12:39:48	12108.718	344.51541	39.8267	55.0003	31.6012	34.8853	0.00220843	38.4313	54.4998	0	-0.10586	14.2627	231
DATA	1664361589	555457115	75315	0	""	2022-09-28	12:39:49	12111.652	344.45282	39.8282	55.0003	31.6025	34.8853	0.00221499	38.4311	54.4998	-23.2	-0.10586	14.2626	169
DATA	1664361590	555457115	75325	0	""	2022-09-28	12:39:50	12113.557	344.84848	39.8277	55.0003	31.6005	34.8853	0.00221337	38.433	54.4998	-9.7	-0.10586	14.2626	 78
DATA	1664361591	555457115	75335	0	""	2022-09-28	12:39:51	12116.391	344.52164	39.827	55.0003	31.601	34.8853	0.00220937	38.434	54.4998	16.4	-0.10586	14.2626	219
DATA	1664361592	555330991	75345	0	""	2022-09-28	12:39:52	12120.756	344.7392	39.8275	55.0003	31.6014	34.8853	0.00220782	38.4327	54.4998	-32.2	-0.10586	14.2621	115
DATA	1664361593	555330991	75355	0	""	2022-09-28	12:39:53	12123.089	344.45358	39.8265	55.0003	31.6001	34.8853	0.00220143	38.4348	54.4998	20.3	-0.10586	14.2618	120
DATA	1664361594	555330991	75365	0	""	2022-09-28	12:39:54	12124.602	344.99957	39.8275	55.0003	31.6015	34.8853	0.00221059	38.4339	54.4998	33.9	-0.10586	14.2621	146
DATA	1664361595	555202007	75375	0	""	2022-09-28	12:39:55	12126.358	344.71606	39.827	55.0003	31.6023	34.8853	0.00221353	38.4304	54.4998	-20.7	-0.10586	14.2621	100
DATA	1664361596	555202007	75385	0	""	2022-09-28	12:39:56	12128.422	344.66159	39.8269	55.0003	31.6017	34.8853	0.00220492	38.4319	54.4998	-14.7	-0.10586	14.2616	179
DATA	1664361597	555202007	75395	0	""	2022-09-28	12:39:57	12130.456	344.67972	39.8278	55.0003	31.6001	34.8853	0.00220668	38.4341	54.4998	21.2	-0.10586	14.2618	129
DATA	1664361598	555083036	75405	0	""	2022-09-28	12:39:58	12134.226	344.54028	39.8275	55.0003	31.6002	34.8853	0.00219929	38.4334	54.4998	20.4	-0.10586	14.2618	128
DATA	1664361599	555083036	75415	0	""	2022-09-28	12:39:59	12133.714	343.92474	39.8265	55.0003	31.5997	34.8853	0.00219975	38.4324	54.4998	35.1	-0.10586	14.2618	162
DATA	1664361600	555083036	75425	0	""	2022-09-28	12:40:00	12136.601	344.60059	39.8277	55.0003	31.6007	34.8853	0.00220066	38.4324	54.4998	1.7	-0.10586	14.2615	 34
DATA	1664361601	554951190	75435	0	""	2022-09-28	12:40:01	12138.886	344.69901	39.8272	55.0003	31.6012	34.8853	0.00220958	38.4307	54.4998	-35.1	-0.10586	14.2613	157
DATA	1664361602	554951190	75445	0	""	2022-09-28	12:40:02	12140.911	344.8479	39.8273	55.0003	31.6004	34.8853	0.00220538	38.4332	54.4998	21.9	-0.10586	14.2615	 51
DATA	1664361603	554951190	75455	0	""	2022-09-28	12:40:03	12142.679	344.36908	39.8278	55.0003	31.6023	34.8853	0.0022018	38.4292	54.4998	-9.1	-0.10586	14.2612	 61
DATA	1664361604	554825067	75465	0	""	2022-09-28	12:40:04	12144.239	344.97299	39.8267	55.0003	31.6012	34.8853	0.00220741	38.4333	54.4998	-25.9	-0.10586	14.2613	169
DATA	1664361605	554825067	75475	0	""	2022-09-28	12:40:05	12146.93	344.87109	39.8272	55.0003	31.6005	34.8853	0.00221048	38.4317	54.4998	17.7	-0.10586	14.2608	 72
DATA	1664361606	554825067	75485	0	""	2022-09-28	12:40:06	12148.189	345.17319	39.8273	55.0003	31.6009	34.8853	0.00221081	38.4329	54.4998	30.1	-0.10586	14.2607	121
DATA	1664361607	554701089	75495	0	""	2022-09-28	12:40:07	12152.17	345.05261	39.8272	55.0003	31.6022	34.8853	0.00220635	38.4305	54.4998	-0.6	-0.10586	14.2608	 43
DATA	1664361608	554701089	75505	0	""	2022-09-28	12:40:08	12154.143	344.80066	39.8273	55.0003	31.6012	34.8853	0.00220608	38.4307	54.4998	-10	-0.10586	14.2608	 43
DATA	1664361609	554701089	75515	0	""	2022-09-28	12:40:09	12155.885	345.21619	39.827	55.0001	31.5997	34.8853	0.00221359	38.4334	54.4998	-12.6	-0.10586	14.2605	131
DATA	1664361610	554572105	75525	0	""	2022-09-28	12:40:10	12156.702	344.70139	39.827	55.0002	31.5999	34.8853	0.00221136	38.4319	54.4998	-28.9	-0.10586	14.2597	119
DATA	1664361611	554572105	75535	0	""	2022-09-28	12:40:11	12157.179	344.69742	39.8275	55	31.5996	34.8853	0.0022152	38.4314	54.4998	-9.8	-0.10586	14.2604	 88
DATA	1664361612	554572105	75545	0	""	2022-09-28	12:40:12	12159.957	344.7981	39.8273	54.9999	31.5981	34.8853	0.00221172	38.4315	54.4998	6	-0.10586	14.2601	210
DATA	1664361613	554445981	75555	0	""	2022-09-28	12:40:13	12165.107	344.73929	39.8277	54.9998	31.5991	34.8853	0.00221197	38.433	54.4998	26.8	-0.10586	14.2601	117
DATA	1664361614	554445981	75565	0	""	2022-09-28	12:40:14	12165.465	344.82599	39.8273	55.0002	31.6009	34.8853	0.00220598	38.4309	54.4998	-6	-0.10586	14.2602	 37
DATA	1664361615	554445981	75575	0	""	2022-09-28	12:40:15	12167.302	344.54254	39.8282	55.0001	31.6002	34.8853	0.00220339	38.4314	54.4998	-16.2	-0.10586	14.2599	160
DATA	1664361616	554327011	75585	0	""	2022-09-28	12:40:16	12169.824	344.5134	39.8278	55.0001	31.6032	34.8853	0.00220537	38.43	54.4998	-4.3	-0.10586	14.2599	215
DATA	1664361617	554327011	75595	0	""	2022-09-28	12:40:17	12171.583	345.31	39.8278	55.0003	31.6038	34.8853	0.00220539	38.4281	54.4998	-68.4	-0.10586	14.2599	 26
DATA	1664361618	554327011	75605	0	""	2022-09-28	12:40:18	12172.17	344.90009	39.8273	55.0003	31.6014	34.8853	0.00220936	38.4283	54.4998	8.8	-0.10586	14.2601	  3
DATA	1664361619	554196119	75615	0	""	2022-09-28	12:40:19	12175.005	345.62088	39.828	55.0003	31.604	34.8853	0.00220899	38.4266	54.4998	-60	-0.10586	14.2596	242
DATA	1664361620	554196119	75625	0	""	2022-09-28	12:40:20	12173.49	345.64026	39.827	55.0003	31.6002	34.8853	0.00221101	38.4299	54.4998	1.7	-0.10586	14.2596	210
DATA	1664361621	554196119	75635	0	""	2022-09-28	12:40:21	12173.522	344.86865	39.8277	55.0003	31.6002	34.8853	0.00221366	38.4303	54.4998	-4.1	-0.10586	14.2591	106
DATA	1664361622	554066181	75645	0	""	2022-09-28	12:40:22	12175.779	344.99536	39.8273	55.0003	31.5997	34.8853	0.00221652	38.4321	54.4998	7.8	-0.10586	14.2591	100
DATA	1664361623	554066181	75655	0	""	2022-09-28	12:40:23	12179.827	344.72635	39.8272	55.0003	31.5997	34.8853	0.00221309	38.4306	54.4998	-8	-0.10586	14.259	244
DATA	1664361624	554066181	75665	0	""	2022-09-28	12:40:24	12183.33	344.72485	39.8285	55.0003	31.5991	34.8853	0.00221072	38.4305	54.4998	-3.8	-0.10586	14.259	 21
DATA	1664361625	553942918	75675	0	""	2022-09-28	12:40:25	12182.818	344.79425	39.8275	55.0003	31.5997	34.8853	0.00220993	38.4307	54.4998	1.5	-0.10586	14.259	 61
DATA	1664361626	553942918	75685	0	""	2022-09-28	12:40:26	12184.086	344.48303	39.8273	55.0003	31.6001	34.8853	0.00221386	38.4308	54.4998	19.1	-0.10586	14.2583	130
DATA	1664361627	553942918	75695	0	""	2022-09-28	12:40:27	12187.08	344.47647	39.8277	55.0003	31.6007	34.8853	0.00221153	38.4285	54.4998	5.3	-0.10586	14.2582	 46
DATA	1664361628	553812026	75705	0	""	2022-09-28	12:40:28	12185.825	345.11249	39.8278	55.0003	31.5996	34.8853	0.00221568	38.429	54.4998	-28	-0.10586	14.2585	 48
DATA	1664361629	553812026	75715	0	""	2022-09-28	12:40:29	12186.471	345.18152	39.828	55.0003	31.5989	34.8853	0.00221056	38.4299	54.4998	18.8	-0.10586	14.2585	101
DATA	1664361630	553812026	75725	0	""	2022-09-28	12:40:30	12189.694	345.20395	39.8285	55.0003	31.6004	34.8853	0.00221074	38.4312	54.4998	11.2	-0.10586	14.2583	101
DATA	1664361631	553689956	75735	0	""	2022-09-28	12:40:31	12192.031	344.5332	39.8285	55.0003	31.6012	34.8853	0.00220743	38.4294	54.4998	-1.3	-0.10586	14.2582	 58
DATA	1664361632	553689956	75745	0	""	2022-09-28	12:40:32	12190.737	344.89893	39.828	55.0003	31.6017	34.8853	0.00221463	38.4283	54.4998	11.7	-0.10586	14.2585	105
DATA	1664361633	553689956	75755	0	""	2022-09-28	12:40:33	12191.904	344.99414	39.8291	55.0003	31.6049	34.8853	0.00221284	38.4275	54.4998	-8.3	-0.10586	14.258	 98
DATA	1664361634	553560018	75765	0	""	2022-09-28	12:40:34	12194.923	344.56168	39.8291	55.0003	31.6033	34.8853	0.00221	38.43	54.4998	10.9	-0.10586	14.2583	118
DATA	1664361635	553560018	75775	0	""	2022-09-28	12:40:35	12197.793	344.8345	39.8295	55.0003	31.6035	34.8853	0.0022193	38.4308	54.4998	16.7	-0.10586	14.2579	 46
DATA	1664361636	553560018	75785	0	""	2022-09-28	12:40:36	12198.709	345.43936	39.8296	55.0003	31.6027	34.8853	0.00221815	38.4306	54.4998	-26.3	-0.10586	14.2579	193
DATA	1664361637	553436040	75795	0	""	2022-09-28	12:40:37	12199.672	344.90311	39.83	55.0003	31.601	34.8853	0.00221644	38.4296	54.4998	12.7	-0.10586	14.2574	228
DATA	1664361638	553436040	75805	0	""	2022-09-28	12:40:38	12203.033	345.12271	39.8286	55.0003	31.6018	34.8853	0.00221075	38.4296	54.4998	-4.1	-0.10586	14.2575	 99
DATA	1664361639	553436040	75815	0	""	2022-09-28	12:40:39	12201.834	345.0954	39.8291	55.0003	31.6022	34.8853	0.00221856	38.4283	54.4998	-1.1	-0.10586	14.2574	 56
DATA	1664361640	553313016	75825	0	""	2022-09-28	12:40:40	12206.792	344.92505	39.829	55.0003	31.6012	34.8853	0.00221874	38.4267	54.4998	2.4	-0.10586	14.2574	  7
DATA	1664361641	553313016	75835	0	""	2022-09-28	12:40:41	12209.141	344.93887	39.8286	55.0003	31.6007	34.8853	0.00222081	38.4273	54.4998	-5	-0.10586	14.2571	  7
DATA	1664361642	553313016	75845	0	""	2022-09-28	12:40:42	12210.286	344.79227	39.829	55.0003	31.6007	34.8853	0.00221688	38.4286	54.4998	5.9	-0.10586	14.2571	 25
DATA	1664361643	553182125	75855	0	""	2022-09-28	12:40:43	12211.168	344.45749	39.829	55.0003	31.6004	34.8853	0.00221285	38.4292	54.4998	11.2	-0.10586	14.2568	 66
DATA	1664361644	553182125	75865	0	""	2022-09-28	12:40:44	12213.875	344.52307	39.8283	55.0003	31.6018	34.8853	0.0022179	38.4257	54.4998	-16.6	-0.10586	14.2568	127
DATA	1664361645	553182125	75875	0	""	2022-09-28	12:40:45	12213.628	344.96793	39.8288	55.0003	31.6002	34.8853	0.00221548	38.4297	54.4998	18.5	-0.10586	14.2569	151
DATA	1664361646	553058147	75885	0	""	2022-09-28	12:40:46	12215.515	345.10413	39.8296	55.0003	31.5999	34.8853	0.00221052	38.4306	54.4998	25.6	-0.10586	14.2566	133
DATA	1664361647	553058147	75895	0	""	2022-09-28	12:40:47	12218.075	344.68393	39.8283	55.0003	31.6004	34.8853	0.00220777	38.4296	54.4998	-25.8	-0.10586	14.2564	199
DATA	1664361648	553058147	75905	0	""	2022-09-28	12:40:48	12220.698	344.91568	39.829	55.0003	31.6009	34.8853	0.00221053	38.4281	54.4998	13	-0.10586	14.2568	244
DATA	1664361649	552929162	75915	0	""	2022-09-28	12:40:49	12225.744	344.91284	39.8288	55.0003	31.6012	34.8853	0.00220674	38.4275	54.4998	-15.9	-0.10586	14.2566	194
DATA	1664361650	552929162	75925	0	""	2022-09-28	12:40:50	12226.157	345.14691	39.8285	55.0003	31.5994	34.8853	0.00220729	38.4283	54.4998	18.3	-0.10586	14.2561	138
DATA	1664361651	552929162	75935	0	""	2022-09-28	12:40:51	12227.995	345.08417	39.8291	55.0003	31.6002	34.8853	0.00221024	38.4308	54.4998	-1.1	-0.10586	14.2561	103
DATA	1664361652	552809000	75945	0	""	2022-09-28	12:40:52	12228.851	345.43893	39.8293	55.0003	31.6014	34.8853	0.00221521	38.4267	54.4998	-20.3	-0.10586	14.2563	157
DATA	1664361653	552809000	75955	0	""	2022-09-28	12:40:53	12230.647	345.10413	39.829	55.0003	31.6009	34.8853	0.00221601	38.4279	54.4998	-16.6	-0.10586	14.2557	104
DATA	1664361654	552809000	75965	0	""	2022-09-28	12:40:54	12231.959	345.55698	39.8286	55.0003	31.601	34.8853	0.00221097	38.427	54.4998	-13.2	-0.10586	14.255	 25
DATA	1664361655	552679061	75975	0	""	2022-09-28	12:40:55	12232.175	345.27628	39.8282	55.0003	31.5997	34.8853	0.00221216	38.4295	54.4998	12.1	-0.10586	14.2555	144
DATA	1664361656	552679061	75985	0	""	2022-09-28	12:40:56	12234.014	345.70865	39.828	55.0003	31.603	34.8853	0.00221495	38.4245	54.4998	-24	-0.10586	14.2558	239
DATA	1664361657	552679061	75995	0	""	2022-09-28	12:40:57	12236.031	344.90738	39.8288	55.0002	31.6009	34.8853	0.00221035	38.4281	54.4998	0.3	-0.10586	14.2555	 81
DATA	1664361658	552550077	76005	0	""	2022-09-28	12:40:58	12238.231	345.32974	39.8288	55.0003	31.6001	34.8853	0.00221161	38.4263	54.4998	-22.6	-0.10586	14.2555	157
DATA	1664361659	552550077	76015	0	""	2022-09-28	12:40:59	12239.287	345.16367	39.8286	55.0003	31.6002	34.8853	0.00221706	38.4275	54.4998	-1.5	-0.10586	14.2555	125
DATA	1664361660	552550077	76025	0	""	2022-09-28	12:41:00	12241.613	345.09024	39.829	55.0003	31.5994	34.8853	0.00222106	38.428	54.4998	21.4	-0.10586	14.2552	249
DATA	1664361661	552428007	76035	0	""	2022-09-28	12:41:01	12244.472	345.18304	39.8296	55.0002	31.5999	34.8853	0.00221367	38.4281	54.4998	5.1	-0.10586	14.2547	 70
DATA	1664361662	552428007	76045	0	""	2022-09-28	12:41:02	12246.265	345.40305	39.8291	55.0002	31.5999	34.8853	0.00221488	38.4287	54.4998	24	-0.10586	14.255	232
DATA	1664361663	552428007	76055	0	""	2022-09-28	12:41:03	12249.742	344.93021	39.8286	55.0003	31.6007	34.8853	0.00222166	38.4274	54.4998	23.8	-0.10586	14.2544	112
DATA	1664361664	552303075	76065	0	""	2022-09-28	12:41:04	12252.104	345.17783	39.8283	55.0003	31.601	34.8853	0.00222185	38.4251	54.4998	-36.9	-0.10586	14.2547	102
DATA	1664361665	552303075	76075	0	""	2022-09-28	12:41:05	12250.89	344.59097	39.8291	55.0003	31.6007	34.8853	0.00222286	38.4266	54.4998	-6	-0.10586	14.255	179
DATA	1664361666	552303075	76085	0	""	2022-09-28	12:41:06	12252.671	345.19922	39.8288	55.0003	31.6014	34.8853	0.0022181	38.4254	54.4998	-19.1	-0.10586	14.2544	110
DATA	1664361667	552175045	76095	0	""	2022-09-28	12:41:07	12256.21	345.23215	39.8293	55.0003	31.6007	34.8853	0.00221105	38.4275	54.4998	-14.6	-0.10586	14.2541	 95
DATA	1664361668	552175045	76105	0	""	2022-09-28	12:41:08	12254.648	345.53268	39.8288	55.0003	31.6015	34.8853	0.00221692	38.4265	54.4998	-15	-0.10586	14.2541	 75
DATA	1664361669	552175045	76115	0	""	2022-09-28	12:41:09	12255.783	345.09695	39.8291	55.0003	31.6009	34.8853	0.00222315	38.4255	54.4998	-11.5	-0.10586	14.2542	169
DATA	1664361670	552050113	76125	0	""	2022-09-28	12:41:10	12261.314	344.94482	39.8293	55.0003	31.5997	34.8853	0.00222242	38.4276	54.4998	21.3	-0.10586	14.2538	104
DATA	1664361671	552050113	76135	0	""	2022-09-28	12:41:11	12263.477	345.54758	39.8288	55.0003	31.5994	34.8853	0.00222229	38.4249	54.4998	26.5	-0.10586	14.2533	130
DATA	1664361672	552050113	76145	0	""	2022-09-28	12:41:12	12264.254	345.50452	39.8295	55.0003	31.6007	34.8853	0.00222542	38.4258	54.4998	-5.2	-0.10586	14.2539	 93
DATA	1664361673	551923036	76155	0	""	2022-09-28	12:41:13	12267.387	345.60425	39.8291	55.0003	31.6018	34.8853	0.00221871	38.4247	54.4998	-23.7	-0.10586	14.2539	172
DATA	1664361674	551923036	76165	0	""	2022-09-28	12:41:14	12269.152	345.06873	39.8282	55.0003	31.6004	34.8853	0.00221692	38.4254	54.4998	-9.6	-0.10586	14.2536	120
DATA	1664361675	551923036	76175	0	""	2022-09-28	12:41:15	12265.75	345.38483	39.828	55.0003	31.5983	34.8853	0.00222163	38.4257	54.4998	-35	-0.10586	14.2536	242
DATA	1664361676	551795959	76185	0	""	2022-09-28	12:41:16	12270.352	345.13297	39.829	55.0003	31.6002	34.8853	0.00221542	38.4272	54.4998	-11.3	-0.10586	14.2536	120
DATA	1664361677	551795959	76195	0	""	2022-09-28	12:41:17	12273.512	345.18762	39.83	55.0003	31.5996	34.8853	0.00221237	38.4259	54.4998	10.7	-0.10586	14.2536	 55
DATA	1664361678	551795959	76205	0	""	2022-09-28	12:41:18	12275.194	345.39783	39.8286	55.0003	31.6007	34.8853	0.0022157	38.4238	54.4998	-27.5	-0.10586	14.2535	155
DATA	1664361679	551664113	76215	0	""	2022-09-28	12:41:19	12275.104	345.11185	39.8285	55.0003	31.6002	34.8853	0.00221656	38.4257	54.4998	-15.8	-0.10586	14.2528	162
DATA	1664361680	551664113	76225	0	""	2022-09-28	12:41:20	12275.085	345.44577	39.828	55.0003	31.5991	34.8853	0.00222297	38.4252	54.4998	-4.8	-0.10586	14.2527	 75
DATA	1664361681	551664113	76235	0	""	2022-09-28	12:41:21	12277.043	345.54916	39.8285	55.0003	31.6002	34.8853	0.00221858	38.4255	54.4998	-18.7	-0.10586	14.2524	163
DATA	1664361682	551540136	76245	0	""	2022-09-28	12:41:22	12277.178	345.04584	39.8288	55.0003	31.5999	34.8853	0.00223014	38.4244	54.4998	4.5	-0.10586	14.2524	 80
DATA	1664361683	551540136	76255	0	""	2022-09-28	12:41:23	12279.139	345.46902	39.8285	55.0003	31.6005	34.8853	0.00222728	38.4241	54.4998	-46.1	-0.10586	14.2528	165
DATA	1664361684	551540136	76265	0	""	2022-09-28	12:41:24	12279.537	344.99365	39.8291	55.0003	31.5984	34.8853	0.0022228	38.4259	54.4998	27	-0.10586	14.2527	  4
DATA	1664361685	551418066	76275	0	""	2022-09-28	12:41:25	12280.061	345.45053	39.8291	55.0003	31.5983	34.8853	0.00221586	38.4247	54.4998	15.4	-0.10586	14.2521	124
DATA	1664361686	551418066	76285	0	""	2022-09-28	12:41:26	12278.053	345.30045	39.8277	55.0003	31.5983	34.8853	0.00222272	38.4252	54.4998	0.6	-0.10586	14.2522	 72
DATA	1664361687	551418066	76295	0	""	2022-09-28	12:41:27	12281.726	345.68097	39.8283	55.0003	31.5987	34.8853	0.00222092	38.4245	54.4998	-36.4	-0.10586	14.2519	203
DATA	1664361688	551287174	76305	0	""	2022-09-28	12:41:28	12281.374	345.67282	39.8283	55.0003	31.5983	34.8853	0.0022212	38.423	54.4998	-13.7	-0.10586	14.2516	 76
DATA	1664361689	551287174	76315	0	""	2022-09-28	12:41:29	12283.485	345.81052	39.8291	55.0003	31.5984	34.8853	0.00221663	38.4273	54.4998	32.8	-0.10586	14.2521	142
DATA	1664361690	551287174	76325	0	""	2022-09-28	12:41:30	12281.517	345.57721	39.8304	55.0003	31.5996	34.8853	0.00221513	38.4286	54.4998	12.3	-0.10586	14.2521	116
DATA	1664361691	551161050	76335	0	""	2022-09-28	12:41:31	12283.072	346.04733	39.8288	55.0003	31.5997	34.8853	0.00222271	38.425	54.4998	-41.9	-0.10586	14.2519	114
DATA	1664361692	551161050	76345	0	""	2022-09-28	12:41:32	12285.627	345.42831	39.8293	55.0003	31.5971	34.8853	0.00222394	38.4274	54.4998	32.7	-0.10586	14.2519	126
DATA	1664361693	551161050	76355	0	""	2022-09-28	12:41:33	12285.814	345.28818	39.8288	55.0003	31.5974	34.8853	0.00222598	38.4261	54.4998	12.7	-0.10586	14.2519	143
DATA	1664361694	551031112	76365	0	""	2022-09-28	12:41:34	12285.93	345.91455	39.8286	55.0003	31.5989	34.8853	0.00222327	38.4255	54.4998	19.6	-0.10586	14.2511	 84
DATA	1664361695	551031112	76375	0	""	2022-09-28	12:41:35	12288.283	345.26483	39.8291	55.0003	31.5989	34.8853	0.00221828	38.4254	54.4998	-10.7	-0.10586	14.2511	175
DATA	1664361696	551031112	76385	0	""	2022-09-28	12:41:36	12289.383	345.57227	39.8291	55.0003	31.6009	34.8853	0.00222452	38.4233	54.4998	-16.8	-0.10586	14.2511	162
DATA	1664361697	550904989	76395	0	""	2022-09-28	12:41:37	12290.665	345.36276	39.829	55.0003	31.5981	34.8853	0.002226	38.425	54.4999	-42.6	-0.10586	14.2511	254
DATA	1664361698	550904989	76405	0	""	2022-09-28	12:41:38	12290.099	345.14139	39.8282	55.0003	31.5963	34.8853	0.00222377	38.4262	54.4999	-21.7	-0.10586	14.2508	198
DATA	1664361699	550904989	76415	0	""	2022-09-28	12:41:39	12292.009	345.5834	39.8286	55.0003	31.5973	34.8853	0.00222791	38.4277	54.4998	3.4	-0.10586	14.2508	 62
DATA	1664361700	550779104	76425	0	""	2022-09-28	12:41:40	12293.067	345.43988	39.829	55.0003	31.5965	34.8853	0.00222139	38.4275	54.4998	10.9	-0.10586	14.2508	 85
DATA	1664361701	550779104	76435	0	""	2022-09-28	12:41:41	12295.937	345.06732	39.829	55.0003	31.5945	34.8853	0.00221964	38.4296	54.4998	22.4	-0.10586	14.2505	 83
DATA	1664361702	550779104	76445	0	""	2022-09-28	12:41:42	12295.93	344.74747	39.8293	55.0003	31.597	34.8853	0.00221951	38.4278	54.4998	-39.5	-0.10586	14.2505	 92
DATA	1664361703	550652027	76455	0	""	2022-09-28	12:41:43	12297.136	344.73398	39.8286	55.0003	31.595	34.8853	0.00221561	38.429	54.4999	-17.6	-0.10586	14.2505	 79
DATA	1664361704	550652027	76465	0	""	2022-09-28	12:41:44	12298.236	344.88727	39.8286	55.0003	31.5961	34.8853	0.00221352	38.4311	54.4998	15.9	-0.10586	14.2505	131
DATA	1664361705	550652027	76475	0	""	2022-09-28	12:41:45	12297.734	344.93716	39.8286	55.0003	31.5966	34.8853	0.00222032	38.4291	54.4998	9.8	-0.10586	14.2499	104
DATA	1664361706	550529003	76485	0	""	2022-09-28	12:41:46	12299.633	345.10159	39.8295	55.0003	31.5935	34.8853	0.00222152	38.4312	54.5	1.2	-0.10586	14.2502	146
DATA	1664361707	550529003	76495	0	""	2022-09-28	12:41:47	12303.399	345.08386	39.8283	55.0003	31.5934	34.8853	0.00222322	38.431	54.4998	16.6	-0.10586	14.2499	 84
DATA	1664361708	550529003	76505	0	""	2022-09-28	12:41:48	12302.765	344.68317	39.8298	55.0003	31.5939	34.8853	0.00221865	38.4304	54.5002	46.7	-0.10586	14.2499	127
DATA	1664361709	550401210	76515	0	""	2022-09-28	12:41:49	12239.092	344.75323	39.829	55.0003	31.596	34.8853	0.0022082	38.4335	54.5002	23.3	-0.10586	14.2499	199
DATA	1664361710	550401210	76525	0	""	2022-09-28	12:41:50	12218.566	344.65891	39.8278	55.0003	31.5953	34.8853	0.00221182	38.4322	54.5002	13.6	-0.10586	14.25	235
DATA	1664361711	550401210	76535	0	""	2022-09-28	12:41:51	12214.45	344.75235	39.8285	55.0003	31.5957	34.8853	0.00220795	38.4307	54.5005	-14	-0.10586	14.2495	243
DATA	1664361712	550276994	76545	0	""	2022-09-28	12:41:52	12210.241	344.50912	39.8288	55.0003	31.5943	34.8853	0.00221111	38.4315	54.5005	32.5	-0.10586	14.2495	 90
DATA	1664361713	550276994	76555	0	""	2022-09-28	12:41:53	12208.504	344.86819	39.8288	55.0003	31.5957	34.8853	0.00221169	38.432	54.5005	-10.8	-0.10586	14.2494	126
DATA	1664361714	550276994	76565	0	""	2022-09-28	12:41:54	12209.898	344.76407	39.8285	55.0003	31.5965	34.8853	0.00220805	38.4304	54.5005	16.5	-0.10586	14.2492	136
DATA	1664361715	550155162	76575	0	""	2022-09-28	12:41:55	12210.976	344.65384	39.829	55.0003	31.596	34.8853	0.00221088	38.4336	54.5005	5.5	-0.10586	14.2489	229
DATA	1664361716	550155162	76585	0	""	2022-09-28	12:41:56	12212.84	344.28973	39.828	55.0003	31.5957	34.8853	0.00220687	38.4337	54.5005	-8.1	-0.10586	14.2492	 19
DATA	1664361717	550155162	76595	0	""	2022-09-28	12:41:57	12213.277	344.85519	39.829	55.0003	31.5942	34.8853	0.00221137	38.4345	54.5005	26.6	-0.10586	14.2489	 73
DATA	1664361718	550026178	76605	0	""	2022-09-28	12:41:58	12216.292	345.10791	39.8282	55.0003	31.5961	34.8853	0.0022099	38.4314	54.5005	-33.8	-0.10586	14.2489	111
DATA	1664361719	550026178	76615	0	""	2022-09-28	12:41:59	12215.48	344.98822	39.8285	55.0003	31.5953	34.8853	0.00221497	38.4317	54.5005	-21.6	-0.10586	14.2486	124
DATA	1664361720	550026178	76625	0	""	2022-09-28	12:42:00	12218.891	345.08063	39.8286	55.0003	31.5935	34.8853	0.00221213	38.433	54.5005	-4.4	-0.10586	14.2489	 38
DATA	1664361721	549898147	76635	0	""	2022-09-28	12:42:01	12220.821	345.11084	39.8286	55.0003	31.5921	34.8853	0.00221562	38.4338	54.5005	16.7	-0.10586	14.2488	111
DATA	1664361722	549898147	76645	0	""	2022-09-28	12:42:02	12222.413	344.87289	39.8286	55.0003	31.595	34.8853	0.00222126	38.4312	54.5005	11.7	-0.10586	14.248	 14
DATA	1664361723	549898147	76655	0	""	2022-09-28	12:42:03	12225.415	345.30688	39.8282	55.0003	31.5965	34.8853	0.00221901	38.4307	54.5005	-45.1	-0.10586	14.2481	163
DATA	1664361724	549772024	76665	0	""	2022-09-28	12:42:04	12227.065	344.92645	39.8282	55.0003	31.5937	34.8853	0.0022177	38.4319	54.5005	24.5	-0.10586	14.2481	 68
DATA	1664361725	549772024	76675	0	""	2022-09-28	12:42:05	12227.797	345.44485	39.829	55.0003	31.5945	34.8853	0.00221454	38.4306	54.5005	4.1	-0.10586	14.248	229
DATA	1664361726	549772024	76685	0	""	2022-09-28	12:42:06	12230.619	345.25076	39.8288	55.0003	31.594	34.8853	0.00221795	38.4304	54.5005	8	-0.10586	14.248	131
DATA	1664361727	549650907	76695	0	""	2022-09-28	12:42:07	12230.336	345.01154	39.828	55.0003	31.5955	34.8853	0.00221215	38.4298	54.5005	-3.4	-0.10586	14.2477	 59
DATA	1664361728	549650907	76705	0	""	2022-09-28	12:42:08	12232.884	344.59723	39.8285	55.0003	31.595	34.8853	0.00220964	38.4312	54.5005	-9.9	-0.10586	14.2477	 85
DATA	1664361729	549650907	76715	0	""	2022-09-28	12:42:09	12233.342	345.17258	39.8288	55.0003	31.5937	34.8853	0.00221868	38.431	54.5005	-4.8	-0.10586	14.2478	 81
DATA	1664361730	549521923	76725	0	""	2022-09-28	12:42:10	12237.122	344.81863	39.8286	54.9999	31.5948	34.8853	0.00222147	38.4303	54.5005	-11.4	-0.10586	14.248	123
DATA	1664361731	549521923	76735	0	""	2022-09-28	12:42:11	12240.17	345.10602	39.8293	55	31.5955	34.8853	0.00222225	38.4307	54.5005	-6.3	-0.10586	14.247	249
DATA	1664361732	549521923	76745	0	""	2022-09-28	12:42:12	12241.173	344.75122	39.8283	55.0003	31.595	34.8853	0.00221994	38.4306	54.5005	-25.2	-0.10586	14.247	 45
DATA	1664361733	549399852	76755	0	""	2022-09-28	12:42:13	12243.189	345.17697	39.8293	55.0001	31.5948	34.8853	0.00221249	38.4306	54.5005	-5.2	-0.10586	14.2473	133
DATA	1664361734	549399852	76765	0	""	2022-09-28	12:42:14	12256.005	344.55197	39.8303	55.0003	31.5981	34.8853	0.00219299	38.4298	54.5005	-32	-0.10586	14.2472	 87
DATA	1664361735	549399852	76775	0	""	2022-09-28	12:42:15	12242.716	345.17868	39.83	55.0003	31.5943	34.8853	0.00221508	38.4318	54.5005	9.8	-0.10586	14.247	195
DATA	1664361736	549269914	76785	0	""	2022-09-28	12:42:16	12243.181	345.29285	39.8296	55.0003	31.5945	34.8853	0.00221945	38.4311	54.5005	11.7	-0.10586	14.247	 80
DATA	1664361737	549269914	76795	0	""	2022-09-28	12:42:17	12246.853	345.21228	39.8298	55.0003	31.5952	34.8853	0.00222401	38.4303	54.5005	-25.5	-0.10586	14.2464	169
DATA	1664361738	549269914	76805	0	""	2022-09-28	12:42:18	12248.172	345.117	39.8303	55.0003	31.5935	34.8853	0.00222252	38.4307	54.5005	9.7	-0.10586	14.2464	220
DATA	1664361739	549139976	76815	0	""	2022-09-28	12:42:19	12248.189	344.63962	39.8301	55.0003	31.5927	34.8853	0.00222478	38.4337	54.5005	-1.8	-0.10586	14.247	 90
DATA	1664361740	549139976	76825	0	""	2022-09-28	12:42:20	12250.689	344.96527	39.8303	55.0003	31.594	34.8853	0.00222741	38.4327	54.5005	15.6	-0.10586	14.2461	 71
DATA	1664361741	549139976	76835	0	""	2022-09-28	12:42:21	12255.212	345.27396	39.8304	55.0003	31.593	34.8853	0.00222235	38.4341	54.5005	-8.7	-0.10586	14.2464	 57
DATA	1664361742	549015045	76845	0	""	2022-09-28	12:42:22	12254.129	344.85556	39.8308	55.0003	31.5924	34.8853	0.00222184	38.4323	54.5005	26.7	-0.10586	14.2461	105
DATA	1664361743	549015045	76855	0	""	2022-09-28	12:42:23	12254.924	344.34332	39.8311	55.0003	31.5924	34.8853	0.00222583	38.4331	54.5005	-12.6	-0.10586	14.2461	132
DATA	1664361744	549015045	76865	0	""	2022-09-28	12:42:24	12258.872	344.71152	39.8339	55.0003	31.5914	34.8853	0.00222356	38.4318	54.5005	-43.5	-0.10586	14.2461	157
DATA	1664361745	548892021	76875	0	""	2022-09-28	12:42:25	12260.769	346.32968	39.8337	55.0003	31.5898	34.8853	0.00222809	38.429	54.5005	-92.5	-0.10586	14.2458	151
DATA	1664361746	548892021	76885	0	""	2022-09-28	12:42:26	12261.048	345.48563	39.8319	55.0003	31.5837	34.8853	0.00222163	38.4307	54.5005	-66	-0.10586	14.2455	 74
DATA	1664361747	548892021	76895	0	""	2022-09-28	12:42:27	12262.74	344.72723	39.8317	55.0003	31.5793	34.8853	0.00221606	38.4328	54.5005	-7.2	-0.10586	14.245	 16
DATA	1664361748	548768043	76905	0	""	2022-09-28	12:42:28	12263.346	345.81125	39.8317	55.0003	31.5787	34.8853	0.00221736	38.4347	54.5005	35.7	-0.10586	14.2448	136
DATA	1664361749	548768043	76915	0	""	2022-09-28	12:42:29	12263.253	344.88837	39.8321	55.0003	31.5787	34.8853	0.00222486	38.4328	54.5005	17.7	-0.10586	14.2455	147
DATA	1664361750	548768043	76925	0	""	2022-09-28	12:42:30	12265.509	346.03873	39.8324	55.0003	31.5787	34.8853	0.00222823	38.4346	54.5005	6.3	-0.10586	14.2448	 73
DATA	1664361751	548641204	76935	0	""	2022-09-28	12:42:31	12265.714	347.03214	39.8329	55.0003	31.5788	34.8853	0.00223918	38.432	54.5005	18	-0.10586	14.2447	218
DATA	1664361752	548641204	76945	0	""	2022-09-28	12:42:32	12270.19	346.09964	39.8321	55.0003	31.5805	34.8853	0.00223346	38.4325	54.5005	53.4	-0.10586	14.2442	 50
DATA	1664361753	548641204	76955	0	""	2022-09-28	12:42:33	12269.059	345.27826	39.8334	55.0003	31.5831	34.8853	0.00223627	38.4341	54.5005	39.5	-0.10586	14.2444	119
DATA	1664361754	548508167	76965	0	""	2022-09-28	12:42:34	12274.758	345.98346	39.8335	55.0003	31.5865	34.8853	0.00223036	38.4307	54.5005	19.3	-0.10586	14.2439	143
DATA	1664361755	548508167	76975	0	""	2022-09-28	12:42:35	12279.949	346.46371	39.8322	55.0003	31.5864	34.8853	0.0022368	38.4292	54.5005	-34.7	-0.10586	14.2437	144
DATA	1664361756	548508167	76985	0	""	2022-09-28	12:42:36	12287.943	346.1424	39.8331	55.0003	31.5828	34.8853	0.00222772	38.4325	54.5005	32.9	-0.10586	14.2442	 79
DATA	1664361757	548383951	76995	0	""	2022-09-28	12:42:37	12286.288	343.00461	39.8337	55.0003	31.5842	34.8853	0.0022634	38.4375	54.5005	97.9	-0.10586	14.243	 44
DATA	1664361758	548383951	77005	0	""	2022-09-28	12:42:38	12287.589	346.39673	39.8334	55.0003	31.5831	34.8853	0.00223871	38.4299	54.5005	-25.7	-0.10586	14.2327	195
DATA	1664361759	548383951	77015	0	""	2022-09-28	12:42:39	12288.901	345.78107	39.8337	55.0003	31.5821	34.8853	0.00223482	38.4309	54.5005	5.9	-0.10586	14.2338	 82
DATA	1664361760	548254013	77025	0	""	2022-09-28	12:42:40	12289.074	345.4852	39.8345	55.0003	31.5834	34.8853	0.00224572	38.426	54.5005	-155.2	-0.10586	14.2332	 89
DATA	1664361761	548254013	77035	0	""	2022-09-28	12:42:41	12299.838	345.29626	39.8348	55.0003	31.5779	34.8853	0.00222431	38.4316	54.5005	52.9	-0.10586	14.2338	124
DATA	1664361762	548254013	77045	0	""	2022-09-28	12:42:42	12301.543	344.91528	39.8353	55.0003	31.5743	34.8853	0.00221523	38.4308	54.5005	-65.1	-0.10586	14.2349	135
DATA	1664361763	548128128	77055	0	""	2022-09-28	12:42:43	12302.929	346.5542	39.8342	55.0003	31.5736	34.8853	0.00221534	38.4338	54.5005	-19.1	-0.10586	14.2334	 97
DATA	1664361764	548128128	77065	0	""	2022-09-28	12:42:44	12297.944	341.80554	39.8345	55.0003	31.578	34.8853	0.00222346	38.4346	54.5005	64.4	-0.10586	14.2323	 70
DATA	1664361765	548128128	77075	0	""	2022-09-28	12:42:45	12284.127	346.7287	39.8339	55.0003	31.5797	34.8853	0.00228541	38.427	54.5005	-64.3	-0.10586	14.2335	 78
DATA	1664361766	548002004	77085	0	""	2022-09-28	12:42:46	12295.908	343.83252	39.8342	55.0003	31.5764	34.8853	0.00225408	38.4248	54.5005	-86.7	-0.10586	14.2364	165
DATA	1664361767	548002004	77095	0	""	2022-09-28	12:42:47	12301.889	347.07446	39.8344	55.0003	31.5705	34.8853	0.00223305	38.4332	54.5005	-59.8	-0.10586	14.2353	153
DATA	1664361768	548002004	77105	0	""	2022-09-28	12:42:48	12297.747	349.08545	39.8344	55.0003	31.5682	34.8853	0.00226683	38.4361	54.5005	88.2	-0.10586	14.2379	134
DATA	1664361769	547878026	77115	0	""	2022-09-28	12:42:49	12276.904	354.19955	39.8344	55.0003	31.5665	34.8853	0.0023472	38.4334	54.5005	97.4	-0.10586	14.231	 39
DATA	1664361770	547878026	77125	0	""	2022-09-28	12:42:50	12277.489	347.45947	39.8337	55.0003	31.5678	34.8853	0.0022761	38.4348	54.5005	55.3	-0.10586	14.2323	 91
DATA	1664361771	547878026	77135	0	""	2022-09-28	12:42:51	12295.043	341.81549	39.8347	55.0003	31.5709	34.8853	0.00229598	38.435	54.5005	102.5	-0.10586	14.2323	121
DATA	1664361772	547747135	77145	0	""	2022-09-28	12:42:52	12271.521	346.95819	39.8344	55.0003	31.5728	34.8853	0.00228051	38.4294	54.5005	3.4	-0.10586	14.2356	 70
DATA	1664361773	547747135	77155	0	""	2022-09-28	12:42:53	12303.444	346.0289	39.8344	55.0003	31.5718	34.8853	0.00219611	38.4344	54.5005	14.1	-0.10586	14.2368	 59
DATA	1664361774	547747135	77165	0	""	2022-09-28	12:42:54	12276.395	347.0358	39.8339	55.0003	31.5723	34.8853	0.00224698	38.4343	54.5005	-19.4	-0.10586	14.2371	131
DATA	1664361775	547622203	77175	0	""	2022-09-28	12:42:55	12269.506	348.82581	39.8331	55.0003	31.5728	34.8853	0.00225227	38.4373	54.5005	72.9	-0.10586	14.2379	131
DATA	1664361776	547622203	77185	0	""	2022-09-28	12:42:56	12271.936	345.40109	39.8337	55.0003	31.57	34.8853	0.00226084	38.4306	54.5005	6.6	-0.10586	14.2356	216
DATA	1664361777	547622203	77195	0	""	2022-09-28	12:42:57	12271.058	346.40158	39.8344	55.0003	31.5674	34.8853	0.00222424	38.4329	54.5005	-63.4	-0.10586	14.2354	158
DATA	1664361778	547497987	77205	0	""	2022-09-28	12:42:58	12278.819	345.2428	39.8345	55.0003	31.5653	34.8853	0.00220924	38.4342	54.5005	48.6	-0.10586	14.2364	 99
DATA	1664361779	547497987	77215	0	""	2022-09-28	12:42:59	12262.352	345.09109	39.8316	55.0003	31.5692	34.8853	0.00221701	38.435	54.5005	49.3	-0.10586	14.2353	 80
DATA	1664361780	547497987	77225	0	""	2022-09-28	12:43:00	12259.172	343.92065	39.8319	55.0003	31.5717	34.8853	0.00226974	38.4344	54.5005	36.5	-0.10586	14.2331	130
DATA	1664361781	547372102	77235	0	""	2022-09-28	12:43:01	12256.149	345.59204	39.8334	55.0003	31.5726	34.8853	0.00222566	38.4368	54.5005	48.7	-0.10586	14.2362	110
DATA	1664361782	547372102	77245	0	""	2022-09-28	12:43:02	12252.007	345.68613	39.8345	55.0003	31.5759	34.8853	0.00222357	38.4343	54.501	-18.8	-0.10586	14.2362	 96
DATA	1664361783	547372102	77255	0	""	2022-09-28	12:43:03	12249.564	345.96759	39.834	55.0003	31.5766	34.8853	0.00222084	38.4352	54.5013	46.6	-0.10586	14.2381	 73
DATA	1664361784	547253131	77265	0	""	2022-09-28	12:43:04	12242.924	346.13303	39.8337	55.0003	31.5775	34.8853	0.0022253	38.4333	54.5013	23.5	-0.10586	14.2379	 46
DATA	1664361785	547253131	77275	0	""	2022-09-28	12:43:05	12224.691	345.21475	39.834	55.0003	31.5772	34.8853	0.0022367	38.4341	54.5013	15.9	-0.10586	14.2379	 11
DATA	1664361786	547253131	77285	0	""	2022-09-28	12:43:06	12213.338	345.92484	39.8345	55.0003	31.5777	34.8853	0.00222714	38.434	54.5013	86.1	-0.10586	14.2379	 73
DATA	1664361787	547129154	77295	0	""	2022-09-28	12:43:07	12196.286	345.92648	39.834	55.0003	31.5815	34.8853	0.00223099	38.4315	54.5013	14.6	-0.10586	14.2376	 87
DATA	1664361788	547129154	77305	0	""	2022-09-28	12:43:08	12178.161	345.64255	39.8345	55.0003	31.5831	34.8853	0.00222696	38.4327	54.5013	-12.7	-0.10586	14.2381	162
DATA	1664361789	547129154	77315	0	""	2022-09-28	12:43:09	12162.122	345.52368	39.8339	55.0003	31.5823	34.8853	0.0022205	38.4318	54.5013	13.2	-0.10586	14.2381	 48
DATA	1664361790	547003030	77325	0	""	2022-09-28	12:43:10	12142.723	345.535	39.8345	55.0003	31.5823	34.8853	0.00221786	38.432	54.5013	9.8	-0.10586	14.2382	140
DATA	1664361791	547003030	77335	0	""	2022-09-28	12:43:11	12125.835	345.48135	39.8339	55.0003	31.5836	34.8853	0.0022181	38.435	54.5007	44.1	-0.10586	14.237	194
DATA	1664361792	547003030	77345	0	""	2022-09-28	12:43:12	12104.931	346.20309	39.834	55.0003	31.5849	34.8853	0.00221973	38.4335	54.5005	-4.2	-0.10586	14.2364	 29
DATA	1664361793	546873092	77355	0	""	2022-09-28	12:43:13	12094.375	345.29605	39.8345	55.0003	31.5833	34.8853	0.00221506	38.4356	54.5005	42.9	-0.10586	14.2365	125
DATA	1664361794	546873092	77365	0	""	2022-09-28	12:43:14	12079.899	345.26138	39.8345	55.0003	31.585	34.8853	0.00221025	38.4327	54.5005	-0.7	-0.10586	14.2362	 71
DATA	1664361795	546873092	77375	0	""	2022-09-28	12:43:15	12064.892	344.90207	39.8345	55.0003	31.5855	34.8853	0.00220896	38.4335	54.5005	26.8	-0.10586	14.2364	139
DATA	1664361796	546749114	77385	0	""	2022-09-28	12:43:16	12052.69	344.48779	39.8345	55.0003	31.5859	34.8853	0.00220231	38.4331	54.5005	-18.5	-0.10586	14.2357	129
DATA	1664361797	546749114	77395	0	""	2022-09-28	12:43:17	12037.951	344.90073	39.8344	55.0003	31.5868	34.8853	0.00220397	38.4334	54.5005	0.7	-0.10586	14.2356	 81
DATA	1664361798	546749114	77405	0	""	2022-09-28	12:43:18	12026.68	344.68845	39.8342	55.0003	31.587	34.8853	0.0022039	38.4322	54.5005	1.3	-0.10586	14.2354	172
DATA	1664361799	546621084	77415	0	""	2022-09-28	12:43:19	12014.333	345.30615	39.8337	55.0003	31.5864	34.8853	0.00220429	38.4339	54.5006	-17.4	-0.10586	14.2356	157
DATA	1664361800	546621084	77425	0	""	2022-09-28	12:43:20	12005.104	345.27472	39.8335	55.0003	31.5846	34.8853	0.00220517	38.4341	54.5006	-10	-0.10586	14.236	223
DATA	1664361801	546621084	77435	0	""	2022-09-28	12:43:21	11994.88	345.26184	39.8339	55.0003	31.5862	34.8853	0.00220163	38.4339	54.5008	35.3	-0.10586	14.2362	 65
DATA	1664361802	546497106	77445	0	""	2022-09-28	12:43:22	11986.22	345.14374	39.8342	55.0003	31.588	34.8853	0.0022103	38.433	54.5007	-11.3	-0.10586	14.2371	190
DATA	1664361803	546497106	77455	0	""	2022-09-28	12:43:23	11975.251	344.82047	39.8337	55.0003	31.5888	34.8853	0.00220802	38.4333	54.5005	-7.2	-0.10586	14.2357	111
DATA	1664361804	546497106	77465	0	""	2022-09-28	12:43:24	11968.384	344.94351	39.8345	55.0003	31.5888	34.8853	0.00220857	38.4329	54.5005	-63.3	-0.10586	14.2353	185
DATA	1664361805	546370029	77475	0	""	2022-09-28	12:43:25	11957.387	345.10623	39.8344	55.0003	31.5864	34.8853	0.00220434	38.4369	54.5005	43.5	-0.10586	14.2354	118
DATA	1664361806	546370029	77485	0	""	2022-09-28	12:43:26	11949.329	345.22794	39.8344	55.0003	31.586	34.8853	0.00220713	38.4376	54.5005	4.2	-0.10586	14.2345	 22
DATA	1664361807	546370029	77495	0	""	2022-09-28	12:43:27	11941.568	344.84229	39.8344	55.0003	31.587	34.8853	0.00220766	38.4364	54.5005	4.8	-0.10586	14.2353	 33
DATA	1664361808	546241998	77505	0	""	2022-09-28	12:43:28	11933.848	344.745	39.8342	55.0003	31.587	34.8853	0.00220135	38.4381	54.5005	-5.2	-0.10586	14.2351	217
DATA	1664361809	546241998	77515	0	""	2022-09-28	12:43:29	11926.849	344.95483	39.8347	55.0003	31.5868	34.8853	0.00220201	38.4379	54.5005	22.5	-0.10586	14.2348	148
DATA	1664361810	546241998	77525	0	""	2022-09-28	12:43:30	11917.758	345.3165	39.8344	55.0003	31.5868	34.8853	0.00220403	38.4356	54.5005	-26.3	-0.10586	14.2345	111
DATA	1664361811	546106100	77535	0	""	2022-09-28	12:43:31	11912.706	345.54813	39.8342	55.0003	31.5855	34.8853	0.00220587	38.4371	54.5005	8.5	-0.10586	14.2348	 47
DATA	1664361812	546106100	77545	0	""	2022-09-28	12:43:32	11907.639	345.20551	39.8344	55.0003	31.5873	34.8853	0.00219555	38.4358	54.5005	4.5	-0.10586	14.2346	 55
DATA	1664361813	546106100	77555	0	""	2022-09-28	12:43:33	11902.636	344.29797	39.8344	55.0003	31.5896	34.8853	0.00219427	38.4349	54.5005	-7.9	-0.10586	14.2338	126
DATA	1664361814	545978069	77565	0	""	2022-09-28	12:43:34	11892.526	345.23236	39.8345	55.0003	31.5883	34.8853	0.00219538	38.437	54.5005	-0.8	-0.10586	14.2338	 86
DATA	1664361815	545978069	77575	0	""	2022-09-28	12:43:35	11887.369	344.70609	39.835	55.0003	31.5867	34.8853	0.00219358	38.4394	54.5005	10.6	-0.10586	14.234	 54
DATA	1664361816	545978069	77585	0	""	2022-09-28	12:43:36	11881.065	345.52771	39.8342	55.0003	31.5865	34.8853	0.0021932	38.4374	54.5005	-20.6	-0.10586	14.234	 77
DATA	1664361817	545855045	77595	0	""	2022-09-28	12:43:37	11875.927	344.67346	39.8344	55.0003	31.5877	34.8853	0.00219028	38.4401	54.5005	29.1	-0.10586	14.2342	139
DATA	1664361818	545855045	77605	0	""	2022-09-28	12:43:38	11870.789	345.04459	39.8347	55.0003	31.587	34.8853	0.0021925	38.4396	54.5005	31.6	-0.10586	14.234	245
DATA	1664361819	545855045	77615	0	""	2022-09-28	12:43:39	11867.528	344.61356	39.8345	55.0003	31.5888	34.8853	0.00219202	38.4391	54.5005	-32	-0.10586	14.234	 28
DATA	1664361820	545732975	77625	0	""	2022-09-28	12:43:40	11863.787	344.84195	39.8345	55.0003	31.5872	34.8853	0.00219075	38.4422	54.5005	-6.6	-0.10586	14.2337	131
DATA	1664361821	545732975	77635	0	""	2022-09-28	12:43:41	11858.814	344.936	39.8348	55.0003	31.5864	34.8853	0.00218768	38.4427	54.5005	36.9	-0.10586	14.2337	 50
DATA	1664361822	545732975	77645	0	""	2022-09-28	12:43:42	11853.493	345.39847	39.8352	55.0001	31.5872	34.8853	0.00219556	38.4419	54.5005	-0.4	-0.10586	14.2334	130
DATA	1664361823	545605182	77655	0	""	2022-09-28	12:43:43	11850.047	344.47171	39.8339	55.0003	31.586	34.8853	0.0021956	38.4421	54.5005	-20.4	-0.10586	14.2327	 50
DATA	1664361824	545605182	77665	0	""	2022-09-28	12:43:44	11845.369	344.86572	39.8345	55.0003	31.586	34.8853	0.00219523	38.4426	54.5005	3	-0.10586	14.2337	188
DATA	1664361825	545605182	77675	0	""	2022-09-28	12:43:45	11840.253	345.25565	39.8342	55.0002	31.5864	34.8853	0.00219752	38.4414	54.5005	23.4	-0.10586	14.2332	110
DATA	1664361826	545475006	77685	0	""	2022-09-28	12:43:46	11835.466	345.08932	39.834	55.0002	31.5862	34.8853	0.00219103	38.4429	54.5005	10.3	-0.10586	14.2324	 62
DATA	1664361827	545475006	77695	0	""	2022-09-28	12:43:47	11830.19	345.25653	39.8345	55.0003	31.5867	34.8853	0.00219041	38.4432	54.5005	33.2	-0.10586	14.2327	 66
DATA	1664361828	545475006	77705	0	""	2022-09-28	12:43:48	11825.623	345.29315	39.8347	55.0003	31.5867	34.8853	0.00218823	38.4428	54.5005	-18.8	-0.10586	14.2331	175
DATA	1664361829	545351982	77715	0	""	2022-09-28	12:43:49	11822.468	345.23672	39.8334	55.0003	31.586	34.8853	0.00218945	38.443	54.5005	-15.1	-0.10586	14.2327	 74
DATA	1664361830	545351982	77725	0	""	2022-09-28	12:43:50	11820.079	345.0831	39.8344	55.0003	31.5859	34.8853	0.00218365	38.4442	54.5005	-38.3	-0.10586	14.232	 55
DATA	1664361831	545351982	77735	0	""	2022-09-28	12:43:51	11813.337	345.50317	39.8347	55.0003	31.586	34.8853	0.00219233	38.4429	54.5005	-14.1	-0.10586	14.2324	100
DATA	1664361832	545226097	77745	0	""	2022-09-28	12:43:52	11811.358	345.23798	39.8347	55.0003	31.5865	34.8853	0.00219049	38.4425	54.5005	-14.5	-0.10586	14.2323	172
DATA	1664361833	545226097	77755	0	""	2022-09-28	12:43:53	11806.834	345.367	39.834	55.0003	31.5855	34.8853	0.00218536	38.4439	54.5005	-15.9	-0.10586	14.2323	 23
DATA	1664361834	545226097	77765	0	""	2022-09-28	12:43:54	11802.765	344.97839	39.8345	55.0003	31.5862	34.8853	0.00219147	38.4444	54.5005	-12.8	-0.10586	14.2326	185
DATA	1664361835	545100212	77775	0	""	2022-09-28	12:43:55	11799.152	345.05984	39.8335	55.0003	31.586	34.8853	0.00219111	38.4447	54.5005	-7.9	-0.10586	14.2323	 61
DATA	1664361836	545100212	77785	0	""	2022-09-28	12:43:56	11791.479	345.10229	39.8348	55.0003	31.585	34.8853	0.00219089	38.4454	54.5005	12.4	-0.10586	14.232	 14
DATA	1664361837	545100212	77795	0	""	2022-09-28	12:43:57	11788.359	345.25031	39.8345	55.0003	31.585	34.8853	0.00218771	38.446	54.5005	5	-0.10586	14.2318	127
DATA	1664361838	544974088	77805	0	""	2022-09-28	12:43:58	11785.904	345.36108	39.8337	55.0003	31.5859	34.8853	0.0021866	38.4445	54.5005	14.6	-0.10586	14.2315	 97
DATA	1664361839	544974088	77815	0	""	2022-09-28	12:43:59	11782.392	344.8779	39.8342	55.0003	31.5868	34.8853	0.00219021	38.4447	54.5005	-20.9	-0.10586	14.2315	145
DATA	1664361840	544974088	77825	0	""	2022-09-28	12:44:00	11779.537	345.00443	39.8345	55.0003	31.587	34.8853	0.0021885	38.4471	54.5005	28.2	-0.10586	14.231	226
DATA	1664361841	544847011	77835	0	""	2022-09-28	12:44:01	11777.736	345.28238	39.834	55.0003	31.5867	34.8853	0.00218754	38.4467	54.5005	-22.7	-0.10586	14.2317	125
DATA	1664361842	544847011	77845	0	""	2022-09-28	12:44:02	11772.134	345.3179	39.835	55.0003	31.5885	34.8853	0.00218428	38.4445	54.5005	-39.4	-0.10586	14.232	 10
DATA	1664361843	544847011	77855	0	""	2022-09-28	12:44:03	11769.556	344.93781	39.8344	55.0003	31.5868	34.8853	0.00218324	38.4437	54.5005	-9.6	-0.10586	14.2317	135
DATA	1664361844	544725894	77865	0	""	2022-09-28	12:44:04	11766.444	344.94174	39.8331	55.0003	31.5865	34.8853	0.00219002	38.4457	54.5005	-26.1	-0.10586	14.2313	169
DATA	1664361845	544725894	77875	0	""	2022-09-28	12:44:05	11764.169	345.09128	39.8347	55.0003	31.586	34.8853	0.0021861	38.4469	54.5005	32.3	-0.10586	14.2312	 36
DATA	1664361846	544725894	77885	0	""	2022-09-28	12:44:06	11758.164	344.7948	39.8337	55.0003	31.5852	34.8853	0.00218512	38.4472	54.5005	-2.3	-0.10586	14.2312	 81
DATA	1664361847	544600963	77895	0	""	2022-09-28	12:44:07	11757.971	344.97397	39.8344	55.0003	31.5846	34.8853	0.00218313	38.447	54.5005	-10	-0.10586	14.2304	 34
DATA	1664361848	544600963	77905	0	""	2022-09-28	12:44:08	11759.384	344.79926	39.8339	55.0003	31.5847	34.8853	0.00218416	38.4479	54.5005	16.2	-0.10586	14.2307	152
DATA	1664361849	544600963	77915	0	""	2022-09-28	12:44:09	11756.133	345.42056	39.8345	55.0003	31.585	34.8853	0.00219016	38.4477	54.5005	-2	-0.10586	14.2306	218
DATA	1664361850	544467210	77925	0	""	2022-09-28	12:44:10	11753.416	345.06497	39.8335	55.0003	31.5852	34.8853	0.00219228	38.447	54.5005	-9.4	-0.10586	14.2301	 52
DATA	1664361851	544467210	77935	0	""	2022-09-28	12:44:11	11750.638	344.88242	39.8337	55.0003	31.5839	34.8853	0.00218959	38.4483	54.5005	25.9	-0.10586	14.2307	136
DATA	1664361852	544467210	77945	0	""	2022-09-28	12:44:12	11748.347	345.65988	39.834	55.0003	31.5859	34.8853	0.00218586	38.4463	54.5005	57.9	-0.10586	14.2301	 97
DATA	1664361853	544339179	77955	0	""	2022-09-28	12:44:13	11747.293	345.09201	39.8344	55.0003	31.5867	34.8853	0.00219037	38.4453	54.5005	-28.2	-0.10586	14.2302	166
DATA	1664361854	544339179	77965	0	""	2022-09-28	12:44:14	11744.984	345.38077	39.8344	55.0003	31.5857	34.8853	0.00218785	38.4472	54.5005	8.6	-0.10586	14.2304	106
DATA	1664361855	544339179	77975	0	""	2022-09-28	12:44:15	11743.666	345.30573	39.8335	55.0003	31.5854	34.8853	0.00218438	38.4473	54.5005	-13	-0.10586	14.2301	 77
DATA	1664361856	544220924	77985	0	""	2022-09-28	12:44:16	11740.8	344.88464	39.8345	55.0003	31.5852	34.8853	0.00218209	38.447	54.5005	23.1	-0.10586	14.2299	236
DATA	1664361857	544220924	77995	0	""	2022-09-28	12:44:17	11737.418	345.46002	39.8339	55.0003	31.5842	34.8853	0.00218312	38.4495	54.5005	17.8	-0.10586	14.2291	127
DATA	1664361858	544220924	78005	0	""	2022-09-28	12:44:18	11739.65	345.25681	39.8345	55.0003	31.5852	34.8853	0.00218737	38.4488	54.5005	2.9	-0.10586	14.2298	 39
DATA	1664361859	544088125	78015	0	""	2022-09-28	12:44:19	11739.126	345.31973	39.8347	55.0003	31.5842	34.8853	0.00219197	38.4464	54.5005	52	-0.10586	14.2296	 38
DATA	1664361860	544088125	78025	0	""	2022-09-28	12:44:20	11740.227	345.26785	39.8342	55.0003	31.587	34.8853	0.00218383	38.447	54.5005	-21.3	-0.10586	14.2293	 50
DATA	1664361861	544088125	78035	0	""	2022-09-28	12:44:21	11739.118	345.24747	39.8344	55.0003	31.5854	34.8853	0.00218151	38.45	54.5005	7.6	-0.10586	14.2296	220
DATA	1664361862	543963193	78045	0	""	2022-09-28	12:44:22	11738.315	345.36935	39.8348	55.0003	31.5864	34.8853	0.00218323	38.4466	54.5005	-22.5	-0.10586	14.2296	175
DATA	1664361863	543963193	78055	0	""	2022-09-28	12:44:23	11738.297	345.4455	39.8339	55.0003	31.5859	34.8853	0.0021848	38.4479	54.5005	-24.1	-0.10586	14.2291	 88
DATA	1664361864	543963193	78065	0	""	2022-09-28	12:44:24	11738.308	345.00873	39.834	55.0003	31.5841	34.8853	0.00218688	38.4495	54.5005	-0.5	-0.10586	14.2285	 76
DATA	1664361865	543842077	78075	0	""	2022-09-28	12:44:25	11732.997	345.1087	39.8345	55.0003	31.5859	34.8853	0.00219027	38.4485	54.5005	18	-0.10586	14.2291	249
DATA	1664361866	543842077	78085	0	""	2022-09-28	12:44:26	11732.021	344.883	39.8337	55.0003	31.5862	34.8853	0.0021886	38.4468	54.5004	-11.2	-0.10586	14.229	220
DATA	1664361867	543842077	78095	0	""	2022-09-28	12:44:27	11730.167	345.46887	39.834	55.0003	31.5854	34.8853	0.00218879	38.4487	54.5005	15.7	-0.10586	14.2285	110
DATA	1664361868	543704986	78105	0	""	2022-09-28	12:44:28	11730.332	345.24713	39.8342	55.0003	31.5859	34.8853	0.00218439	38.4483	54.5003	7.6	-0.10586	14.2288	 84
DATA	1664361869	543704986	78115	0	""	2022-09-28	12:44:29	11729.14	344.95135	39.8345	55.0003	31.5855	34.8853	0.00218055	38.4482	54.5005	-6.4	-0.10586	14.2288	 85
DATA	1664361870	543704986	78125	0	""	2022-09-28	12:44:30	11727.793	344.86261	39.8344	55.0003	31.585	34.8853	0.00218245	38.4507	54.5001	-22.9	-0.10586	14.2288	122
DATA	1664361871	543579101	78135	0	""	2022-09-28	12:44:31	11726.498	345.13623	39.8347	55.0003	31.5846	34.8853	0.00217786	38.4494	54.4998	19.7	-0.10586	14.2288	161
DATA	1664361872	543579101	78145	0	""	2022-09-28	12:44:32	11723.896	344.96524	39.8342	55.0003	31.586	34.8853	0.00218057	38.4486	54.4998	-6.8	-0.10586	14.2287	102
DATA	1664361873	543579101	78155	0	""	2022-09-28	12:44:33	11722.791	345.2431	39.8337	55.0003	31.5849	34.8853	0.00218133	38.4493	54.4998	2.3	-0.10586	14.2284	 30
DATA	1664361874	543457984	78165	0	""	2022-09-28	12:44:34	11721.713	345.24579	39.8337	55.0003	31.5872	34.8853	0.0021833	38.4471	54.4998	-27.5	-0.10586	14.2276	151
DATA	1664361875	543457984	78175	0	""	2022-09-28	12:44:35	11717.944	345.59262	39.8335	55.0003	31.5883	34.8853	0.00218466	38.4445	54.4998	-30.4	-0.10586	14.228	161
DATA	1664361876	543457984	78185	0	""	2022-09-28	12:44:36	11715.884	344.9845	39.8342	55.0003	31.5857	34.8853	0.00218603	38.4471	54.4998	25.7	-0.10586	14.2279	127
DATA	1664361877	543332099	78195	0	""	2022-09-28	12:44:37	11717.602	345.32196	39.8339	55.0003	31.5867	34.8853	0.00218108	38.448	54.4998	-38.8	-0.10586	14.2282	156
DATA	1664361878	543332099	78205	0	""	2022-09-28	12:44:38	11713.589	345.19141	39.8335	55.0003	31.5837	34.8853	0.00218411	38.4507	54.4998	39.6	-0.10586	14.2282	147
DATA	1664361879	543332099	78215	0	""	2022-09-28	12:44:39	11710.043	345.27338	39.8337	55.0003	31.5841	34.8853	0.00218402	38.4492	54.4998	22.8	-0.10586	14.2277	137
DATA	1664361880	543209791	78225	0	""	2022-09-28	12:44:40	11708.463	345.13135	39.8339	55.0003	31.5844	34.8853	0.00218884	38.4476	54.4998	-30.6	-0.10586	14.2274	187
DATA	1664361881	543209791	78235	0	""	2022-09-28	12:44:41	11708.135	344.52725	39.8342	55.0003	31.5849	34.8853	0.00218754	38.448	54.4998	25	-0.10586	14.2276	252
DATA	1664361882	543209791	78245	0	""	2022-09-28	12:44:42	11698.127	344.71683	39.8339	55.0003	31.5847	34.8853	0.00219827	38.4492	54.4998	11.8	-0.10586	14.2274	164
DATA	1664361883	543075084	78255	0	""	2022-09-28	12:44:43	11701.834	345.16302	39.8345	55.0003	31.5857	34.8853	0.00218855	38.4499	54.4998	16	-0.10586	14.2271	 46
DATA	1664361884	543075084	78265	0	""	2022-09-28	12:44:44	11696.925	346.12781	39.8347	55.0003	31.5849	34.8853	0.00219614	38.4492	54.4998	-0.4	-0.10586	14.2268	155
DATA	1664361885	543075084	78275	0	""	2022-09-28	12:44:45	11696.493	346.12094	39.8337	55.0003	31.5849	34.8853	0.00218988	38.4488	54.4998	24.3	-0.10586	14.2273	176
DATA	1664361886	542952060	78285	0	""	2022-09-28	12:44:46	11693.821	345.73315	39.8345	55.0003	31.5857	34.8853	0.00219305	38.4478	54.4998	24.8	-0.10586	14.2269	161
DATA	1664361887	542952060	78295	0	""	2022-09-28	12:44:47	11692.875	346.06781	39.8352	55.0003	31.5873	34.8853	0.00218762	38.4473	54.4998	41.2	-0.10586	14.2269	166
DATA	1664361888	542952060	78305	0	""	2022-09-28	12:44:48	11693.737	345.79004	39.834	55.0003	31.587	34.8853	0.00218945	38.4472	54.4998	-28.5	-0.10586	14.2269	108
DATA	1664361889	542826175	78315	0	""	2022-09-28	12:44:49	11690.961	345.3837	39.8342	55.0003	31.5852	34.8853	0.00217914	38.4495	54.4998	32.3	-0.10586	14.2268	112
DATA	1664361890	542826175	78325	0	""	2022-09-28	12:44:50	11690.133	345.39578	39.834	55.0003	31.585	34.8853	0.00218153	38.4483	54.4998	18.8	-0.10586	14.2269	 50
DATA	1664361891	542826175	78335	0	""	2022-09-28	12:44:51	11688.219	345.3024	39.8339	55.0003	31.5854	34.8853	0.00218312	38.4493	54.4998	15.3	-0.10586	14.2269	 92
DATA	1664361892	542705059	78345	0	""	2022-09-28	12:44:52	11684.113	345.7699	39.8347	55.0003	31.5852	34.8853	0.00218086	38.4495	54.4998	15.7	-0.10586	14.2266	111
DATA	1664361893	542705059	78355	0	""	2022-09-28	12:44:53	11685.036	345.55371	39.8332	55.0003	31.5857	34.8853	0.00218218	38.4493	54.4998	-29.5	-0.10586	14.2262	195
DATA	1664361894	542705059	78365	0	""	2022-09-28	12:44:54	11681.356	346.24341	39.8344	55.0002	31.5844	34.8853	0.00218393	38.4485	54.4998	17.3	-0.10586	14.226	 96
DATA	1664361895	542572021	78375	0	""	2022-09-28	12:44:55	11678.551	345.94363	39.8337	55.0002	31.586	34.8853	0.00218666	38.4456	54.4998	41.9	-0.10586	14.2263	110
DATA	1664361896	542572021	78385	0	""	2022-09-28	12:44:56	11675.804	346.16498	39.8337	55.0001	31.587	34.8853	0.00218487	38.4441	54.4998	-11.1	-0.10586	14.2262	143
DATA	1664361897	542572021	78395	0	""	2022-09-28	12:44:57	11675.471	345.94998	39.8335	54.9996	31.586	34.8853	0.00218636	38.4431	54.4998	-15	-0.10586	14.2258	 93
DATA	1664361898	542446136	78405	0	""	2022-09-28	12:44:58	11676.233	345.89096	39.8332	54.9999	31.5864	34.8853	0.00218108	38.4437	54.4998	18.3	-0.10586	14.2258	191
DATA	1664361899	542446136	78415	0	""	2022-09-28	12:44:59	11676.159	345.95242	39.8334	54.9999	31.5881	34.8853	0.00218241	38.4413	54.4998	-32.3	-0.10586	14.2257	224
DATA	1664361900	542446136	78425	0	""	2022-09-28	12:45:00	11674.007	345.9537	39.8342	55.0003	31.5881	34.8853	0.00218346	38.4419	54.4998	-38.5	-0.10586	14.2255	124
DATA	1664361901	542318105	78435	0	""	2022-09-28	12:45:01	11671.465	345.76721	39.8342	55.0003	31.5886	34.8853	0.00219151	38.4396	54.4998	-54.6	-0.10586	14.2254	175
DATA	1664361902	542318105	78445	0	""	2022-09-28	12:45:02	11670.366	347.69913	39.8347	55.0003	31.5855	34.8853	0.00219412	38.4427	54.4998	6.8	-0.10586	14.2257	 89
DATA	1664361903	542318105	78455	0	""	2022-09-28	12:45:03	11670.14	347.13657	39.8339	55.0003	31.5854	34.8853	0.00219947	38.439	54.4998	7.4	-0.10586	14.2254	242
DATA	1664361904	542194128	78465	0	""	2022-09-28	12:45:04	11672.135	347.70398	39.8335	55.0003	31.5846	34.8853	0.00219591	38.439	54.4998	27.5	-0.10586	14.2257	101
DATA	1664361905	542194128	78475	0	""	2022-09-28	12:45:05	11671.129	347.436	39.8342	55.0003	31.5847	34.8853	0.00219696	38.439	54.4998	0	-0.10586	14.2251	 95
DATA	1664361906	542194128	78485	0	""	2022-09-28	12:45:06	11670.13	347.45831	39.834	55.0003	31.5855	34.8853	0.00220021	38.4396	54.4998	17.2	-0.10586	14.2252	 19
DATA	1664361907	542067050	78495	0	""	2022-09-28	12:45:07	11670.881	347.95673	39.834	55.0003	31.5867	34.8853	0.00219704	38.4385	54.4998	-30.1	-0.10586	14.2252	141
DATA	1664361908	542067050	78505	0	""	2022-09-28	12:45:08	11672.178	347.75903	39.8339	55.0003	31.5855	34.8853	0.0021978	38.4385	54.4998	-23.4	-0.10586	14.2244	145
DATA	1664361909	542067050	78515	0	""	2022-09-28	12:45:09	11674.91	347.85538	39.8347	55.0003	31.5872	34.8853	0.00219312	38.4401	54.4998	-36.5	-0.10586	14.2247	135
DATA	1664361910	541939020	78525	0	""	2022-09-28	12:45:10	11674.186	347.34604	39.8345	55.0003	31.5846	34.8853	0.00219563	38.4416	54.4998	-1.1	-0.10586	14.2247	118
DATA	1664361911	541939020	78535	0	""	2022-09-28	12:45:11	11673.264	347.5246	39.8345	55.0003	31.5839	34.8853	0.0021931	38.4401	54.4998	-14.7	-0.10586	14.2241	 59
DATA	1664361912	541939020	78545	0	""	2022-09-28	12:45:12	11676.409	348.06812	39.8345	55.0003	31.5849	34.8853	0.00219347	38.4404	54.4998	11.4	-0.10586	14.2244	129
DATA	1664361913	541812181	78555	0	""	2022-09-28	12:45:13	11677.88	347.13986	39.8347	55.0003	31.5864	34.8853	0.00220335	38.4396	54.4998	-23	-0.10586	14.2241	 40
DATA	1664361914	541812181	78565	0	""	2022-09-28	12:45:14	11680.882	347.46213	39.8347	55.0003	31.5854	34.8853	0.00220046	38.4395	54.4998	21.5	-0.10586	14.2241	125
DATA	1664361915	541812181	78575	0	""	2022-09-28	12:45:15	11684.668	347.62555	39.834	55.0003	31.585	34.8853	0.00219751	38.4405	54.4998	-22.9	-0.10586	14.224	 38
DATA	1664361916	541689157	78585	0	""	2022-09-28	12:45:16	11686.619	347.79172	39.8339	55.0003	31.5831	34.8853	0.00219366	38.4418	54.4998	4.5	-0.10586	14.224	 69
DATA	1664361917	541689157	78595	0	""	2022-09-28	12:45:17	11690.323	347.922	39.834	55.0003	31.5834	34.8853	0.00219335	38.4426	54.4998	-6.9	-0.10586	14.224	199
DATA	1664361918	541689157	78605	0	""	2022-09-28	12:45:18	11692.858	347.87238	39.8342	55.0003	31.5844	34.8853	0.0021973	38.4401	54.4998	12.5	-0.10586	14.2241	103
DATA	1664361919	541562080	78615	0	""	2022-09-28	12:45:19	11694.663	347.68848	39.8342	55.0003	31.585	34.8853	0.00220382	38.4396	54.4997	-31.3	-0.10586	14.2238	147
DATA	1664361920	541562080	78625	0	""	2022-09-28	12:45:20	11695.254	347.79932	39.8334	55.0003	31.5837	34.8853	0.00219868	38.4423	54.4991	11	-0.10586	14.2232	 31
DATA	1664361921	541562080	78635	0	""	2022-09-28	12:45:21	11697.572	347.75729	39.8342	55.0003	31.5852	34.8853	0.002198	38.4407	54.4991	12.8	-0.10586	14.2219	 35
DATA	1664361922	541436195	78645	0	""	2022-09-28	12:45:22	11695.715	347.19962	39.8347	55.0003	31.5859	34.8853	0.00220033	38.4402	54.4992	-36.2	-0.10586	14.2218	177
DATA	1664361923	541436195	78655	0	""	2022-09-28	12:45:23	11697.468	347.98843	39.8348	55.0003	31.5842	34.8853	0.00219879	38.4413	54.4995	-16.8	-0.10586	14.2213	215
DATA	1664361924	541436195	78665	0	""	2022-09-28	12:45:24	11699.613	347.83926	39.8344	55.0003	31.5839	34.8853	0.00219398	38.4398	54.4998	-10.4	-0.10586	14.2229	218
DATA	1664361925	541313886	78675	0	""	2022-09-28	12:45:25	11703.494	347.39502	39.8339	55.0003	31.5826	34.8853	0.00219387	38.4422	54.4998	40.2	-0.10586	14.2232	142
DATA	1664361926	541313886	78685	0	""	2022-09-28	12:45:26	11705.185	347.76907	39.8352	55.0003	31.5837	34.8853	0.00219452	38.4403	54.4998	24.7	-0.10586	14.2229	156
DATA	1664361927	541313886	78695	0	""	2022-09-28	12:45:27	11708.29	348.13336	39.8345	55.0003	31.5833	34.8853	0.00220104	38.4392	54.4998	4.2	-0.10586	14.2229	 35
DATA	1664361928	541186094	78705	0	""	2022-09-28	12:45:28	11712.427	347.56491	39.834	55.0003	31.5842	34.8853	0.00219846	38.4387	54.4998	18.2	-0.10586	14.2229	106
DATA	1664361929	541186094	78715	0	""	2022-09-28	12:45:29	11711.479	347.57712	39.8345	55.0003	31.5844	34.8853	0.00219615	38.44	54.4998	-6.1	-0.10586	14.2222	 37
DATA	1664361930	541186094	78725	0	""	2022-09-28	12:45:30	11710.25	347.30872	39.8344	55.0003	31.5831	34.8853	0.00219942	38.4426	54.4998	16.5	-0.10586	14.2222	 68
